117 133 141 129 123 128 118 128 129 123 120 140 140 143 116 102 90 45 52 61 54 69 64 55 70 72 66 94 73 100 82 96 100 85 93 88 90 87 103 94 87 99 80 83 92 107 108 81 92 81 83 105 85 80 106 100 77 83 85 100 77 77 98 77 107 98 100 101 103 87 90 89 87 89 82 87 86 94 89 98 121 124 122 132 122 120 105 123 111 116 135 136 124 125 123 140 130 120 151 163 207 221 216 158 91 94 79 87 94 78 85 91 73 80 70 77 86 94 75 90 81 85 80 69 87 143 185 170
133 125 136 122 113 125 112 131 129 121 122 138 131 118 127 94 71 60 67 52 64 61 75 77 54 62 79 72 85 83 79 74 102 97 78 104 98 92 97 93 80 104 86 87 96 97 110 85 104 82 79 87 86 93 88 96 102 87 93 85 81 98 93 80 94 106 83 90 87 107 83 87 83 87 81 82 73 74 68 79 94 99 133 126 125 116 133 129 107 132 126 133 130 129 112 130 132 118 121 146 184 200 203 216 140 97 72 91 89 98 93 80 88 86 83 77 70 75 93 70 87 95 78 79 92 83 139 193
134 140 127 113 126 139 117 111 124 119 120 147 132 140 124 93 68 50 52 72 60 56 76 60 67 59 63 83 71 76 88 86 77 102 83 79 100 104 95 97 94 102 87 98 98 85 88 104 104 107 104 83 78 102 77 82 98 95 86 82 82 102 94 94 95 105 104 98 96 80 83 93 91 80 92 74 70 77 66 71 89 95 133 121 132 140 117 124 110 135 137 128 109 118 121 139 116 117 127 133 137 201 204 217 170 120 98 76 95 94 74 72 90 94 99 79 70 98 85 80 71 69 74 92 77 92 107 185
139 118 135 114 138 128 127 128 115 136 129 150 151 123 119 78 48 73 47 55 60 72 65 82 73 78 82 69 80 82 82 76 76 94 101 96 102 108 83 93 86 105 99 105 111 93 104 103 87 98 90 92 95 106 93 96 85 85 97 107 103 96 97 87 79 106 87 110 77 96 85 86 103 104 100 86 82 82 73 79 80 91 99 128 140 131 115 132 109 115 112 118 110 115 136 139 132 118 120 141 132 182 190 203 220 151 99 75 97 76 77 74 82 94 82 95 88 90 83 75 98 98 70 81 68 69 76 144
128 118 139 123 114 141 135 142 139 147 147 129 141 134 86 93 61 66 57 50 51 63 78 64 69 69 82 88 93 81 96 83 104 81 85 91 91 87 109 85 107 94 98 101 90 89 95 101 101 99 111 91 98 88 95 96 106 99 83 93 105 79 99 85 94 92 94 92 102 85 87 81 90 99 80 82 88 75 76 77 63 72 94 99 114 112 114 107 114 128 120 117 117 120 115 132 131 114 129 131 116 132 176 217 217 211 143 96 95 91 89 76 92 96 75 74 93 75 75 69 99 97 92 99 99 87 80 70
140 132 134 115 121 139 134 125 119 153 141 147 141 120 101 85 66 53 68 62 62 71 73 57 80 58 82 71 90 76 92 93 87 105 95 82 105 87 92 98 88 89 94 82 83 94 91 107 106 110 107 90 98 93 81 102 78 89 88 91 85 87 83 109 108 90 86 93 100 106 101 92 95 87 91 91 97 99 89 66 67 88 107 114 118 126 130 128 120 141 141 133 143 130 135 141 130 139 122 125 142 143 147 203 213 204 168 102 100 98 100 74 72 72 73 71 85 82 85 91 80 99 98 92 101 71 36 28
127 135 123 116 132 122 116 133 138 144 147 138 145 121 110 88 71 57 51 64 65 77 76 71 78 64 83 76 75 88 100 77 80 98 86 104 111 98 107 83 112 110 97 103 108 85 91 104 89 83 102 89 107 82 86 96 88 89 79 87 79 88 94 89 79 101 110 85 109 102 81 102 102 104 104 91 103 90 76 85 69 69 79 87 100 117 137 142 130 126 147 139 126 142 124 139 123 125 139 124 140 114 148 172 214 215 204 151 95 103 76 95 75 82 77 79 96 90 77 82 100 87 71 88 61 23 4 31
115 134 125 144 143 120 132 148 136 128 150 148 121 103 91 86 60 72 51 66 77 59 65 58 63 78 70 86 91 94 90 77 77 92 110 89 89 103 80 100 97 109 102 101 99 100 96 103 111 80 103 101 99 94 96 96 90 105 99 96 88 105 89 99 89 97 88 81 87 102 110 96 81 101 101 85 79 98 98 81 80 74 92 81 105 123 143 145 141 123 135 127 143 124 124 118 116 133 134 129 129 132 120 161 194 217 220 190 141 89 85 103 74 75 80 72 100 93 83 102 89 103 74 69 30 21 30 23
117 114 120 121 120 145 133 150 128 148 125 126 129 116 97 92 59 76 59 57 76 74 69 63 68 61 75 96 89 86 90 100 103 105 90 109 87 111 81 93 92 83 91 111 92 82 102 102 89 101 91 89 83 104 87 82 79 81 99 79 82 82 81 94 99 94 105 97 80 92 94 105 107 81 81 79 83 90 80 75 75 62 70 94 111 110 137 141 135 117 128 143 123 119 122 135 126 119 133 128 119 130 115 131 181 213 206 223 191 99 80 82 94 81 81 80 87 71 78 99 96 94 68 14 30 18 26 8
143 128 136 121 120 134 142 139 142 127 146 127 127 112 94 76 68 62 58 75 67 72 71 77 67 79 73 71 78 89 85 95 80 102 91 89 107 101 80 99 101 90 96 112 92 87 91 88 94 108 81 82 79 85 90 90 89 97 80 76 97 94 106 83 95 94 106 112 102 105 98 107 105 108 107 105 77 99 82 90 77 89 79 72 112 127 141 116 138 140 136 141 121 133 131 124 115 122 120 118 126 132 120 116 150 195 213 215 207 149 97 108 77 80 75 102 73 79 88 92 76 58 34 17 1 13 6 19
132 139 131 124 138 126 145 152 135 149 117 126 129 131 111 78 49 65 51 75 83 57 74 57 57 78 83 79 92 98 83 91 99 102 96 80 87 98 87 91 83 101 107 104 99 97 90 104 101 90 103 87 96 72 82 105 76 94 85 95 78 96 108 82 93 110 108 102 78 101 109 80 79 87 83 98 89 95 95 81 67 68 79 79 96 100 137 118 133 125 116 139 129 139 127 132 138 115 123 145 121 115 115 131 120 162 200 217 230 204 138 80 86 105 83 76 94 81 72 85 58 31 6 31 16 29 8 19
146 120 133 125 142 133 152 147 144 124 116 138 124 111 104 71 53 67 70 69 85 70 63 80 67 78 86 89 76 85 75 75 88 80 97 106 108 106 105 95 92 96 105 85 91 95 100 81 77 83 94 98 101 89 75 106 102 88 93 80 80 93 82 79 108 78 100 80 94 104 91 95 102 88 95 103 97 92 83 77 92 77 89 80 92 101 120 114 137 124 122 143 118 137 135 115 124 133 121 136 142 127 127 112 113 119 190 227 215 230 171 90 106 89 96 87 72 92 95 64 9 12 24 20 12 6 19 5
149 119 142 150 143 140 130 132 126 127 135 132 132 127 88 78 46 66 65 75 73 80 73 63 74 61 88 87 71 95 78 100 80 83 101 90 102 85 87 79 91 94 78 98 87 96 85 83 83 86 80 106 90 95 102 82 80 100 86 101 86 87 97 82 103 86 87 81 90 107 78 107 86 82 89 76 83 72 94 83 76 95 69 83 86 99 119 108 110 123 126 126 139 143 143 132 123 119 129 120 139 129 116 130 121 107 151 202 212 227 204 147 98 89 97 72 89 81 61 33 26 7 22 3 14 21 20 17
132 130 150 147 135 135 139 137 127 121 128 121 135 109 90 63 66 70 56 80 79 61 81 57 72 80 89 74 70 81 99 74 104 104 97 78 106 82 89 83 104 81 83 89 89 82 100 108 96 98 91 95 79 90 81 101 114 123 120 82 92 100 81 94 95 104 96 92 99 90 99 88 93 83 75 107 98 72 81 70 92 95 96 74 111 99 114 126 119 132 127 137 129 125 136 137 144 131 139 122 139 133 108 113 132 114 113 163 205 229 223 190 112 103 100 87 68 47 22 20 31 23 4 33 21 5 11 23
128 127 143 147 128 127 113 125 129 148 119 137 133 110 97 63 46 62 53 63 80 59 71 65 66 78 73 65 76 93 74 103 104 107 105 97 109 89 107 109 79 79 96 78 79 86 96 81 96 111 91 102 122 139 129 142 134 147 147 164 153 154 128 80 98 108 91 108 88 81 98 78 89 91 97 92 96 81 99 82 82 87 64 102 85 114 103 111 118 119 120 133 136 122 119 122 123 126 112 115 135 126 111 119 127 111 109 152 185 212 229 210 147 97 103 80 37 15 30 12 7 8 21 23 31 10 22 31
147 148 154 144 130 129 100 116 136 151 146 120 143 132 109 77 48 62 55 56 64 59 85 68 85 78 68 88 72 101 72 96 93 76 101 89 103 86 87 106 99 103 87 101 90 92 107 105 124 108 100 110 127 130 131 160 172 155 142 148 143 164 182 183 147 114 80 90 90 93 82 97 105 77 81 85 96 79 87 81 69 75 88 83 93 111 98 118 115 109 128 133 138 120 113 130 119 123 115 114 115 106 122 98 101 129 126 110 172 212 238 229 216 118 79 73 13 12 9 6 5 10 3 7 28 17 27 23
140 152 151 128 125 106 103 121 132 151 124 150 128 135 110 69 73 72 56 52 58 75 69 72 74 69 73 95 74 80 86 103 76 80 85 77 103 80 104 89 106 97 87 105 114 92 103 119 105 103 109 116 128 135 126 150 129 174 151 158 146 167 177 185 190 195 141 86 92 92 79 87 90 107 77 100 89 95 94 76 71 72 91 99 90 105 106 111 113 128 121 125 124 115 109 122 108 112 133 122 121 112 115 111 125 127 117 122 136 164 219 217 236 172 82 16 30 32 31 17 6 5 21 19 1 5 20 19
148 148 156 134 107 75 96 117 120 138 138 124 139 118 95 90 63 45 67 58 65 71 67 54 85 65 68 69 69 78 74 86 74 81 77 85 100 83 95 88 99 103 123 101 102 86 96 95 108 92 101 128 129 139 140 150 153 145 175 146 153 179 174 165 194 167 167 186 110 87 101 80 81 107 75 75 97 80 77 88 85 77 78 78 97 121 116 118 111 113 115 126 106 127 128 104 107 107 122 104 114 100 120 107 123 107 122 121 107 134 192 221 241 190 24 29 18 4 7 11 9 12 23 8 3 14 29 34
134 135 128 108 106 61 85 104 119 129 137 145 119 119 108 69 57 59 48 63 68 78 74 55 65 69 80 88 71 91 98 94 78 81 92 102 97 99 82 117 93 99 83 87 96 97 108 97 114 117 92 101 116 135 142 133 144 153 141 162 155 170 160 176 175 171 194 168 166 155 110 78 101 77 97 100 82 89 86 85 94 76 92 96 90 117 104 106 117 127 104 113 118 114 119 112 117 109 107 125 101 124 113 123 98 124 126 103 105 115 162 225 191 86 28 13 14 22 33 5 24 29 10 8 26 20 31 35
131 138 111 89 77 64 100 125 136 124 122 149 132 106 100 92 68 63 59 54 64 51 72 51 81 80 89 70 69 83 88 89 72 102 92 99 79 93 81 92 75 79 101 94 98 93 110 95 101 93 96 111 110 121 113 139 132 171 155 146 174 158 164 172 194 185 173 184 167 173 173 133 96 100 95 96 103 74 79 88 71 67 69 79 107 120 123 135 128 111 98 109 116 117 118 130 99 112 130 123 120 105 98 110 121 117 118 129 106 116 107 148 85 9 26 28 15 8 9 10 7 12 20 21 4 25 18 17
153 131 97 102 56 52 88 116 116 144 123 136 132 131 91 77 48 69 47 63 68 74 66 71 77 60 60 65 76 75 94 99 98 85 100 89 77 91 111 76 95 88 96 97 80 88 101 97 98 107 99 107 107 120 110 135 155 136 165 150 178 183 167 188 182 175 191 186 173 175 191 176 154 110 79 99 95 72 96 85 70 86 80 74 109 131 139 137 119 124 95 97 97 111 116 116 116 112 108 133 114 119 124 120 124 106 113 119 112 112 121 48 8 32 27 19 11 22 20 18 17 23 15 14 17 31 15 24
146 116 93 60 48 78 97 111 145 135 145 146 132 115 109 83 54 68 47 59 56 70 58 72 65 60 61 70 87 70 79 88 73 102 78 86 100 102 76 68 87 72 97 90 94 90 98 96 102 116 94 99 115 110 130 121 135 141 152 167 164 176 187 192 195 202 195 192 195 188 212 242 242 253 162 93 98 85 83 79 86 86 87 94 102 132 114 123 130 116 116 75 68 94 110 111 124 114 126 126 115 112 125 122 114 106 100 112 115 119 61 4 10 22 15 35 28 11 7 6 17 32 30 12 27 29 27 73
140 95 92 60 50 73 97 121 125 131 140 122 128 128 97 77 63 57 46 67 55 65 54 62 55 75 87 66 97 75 98 91 81 95 96 77 93 99 92 70 75 81 80 95 95 82 96 95 89 98 113 98 109 102 111 121 147 158 178 180 177 171 176 177 185 159 174 208 217 226 213 200 208 239 227 96 92 100 91 81 68 71 66 73 104 129 114 130 111 130 116 75 77 59 87 105 113 111 124 103 114 104 107 126 127 100 100 112 111 74 15 12 32 26 6 17 22 26 26 26 26 27 20 33 39 26 64 115
127 85 77 62 63 59 90 109 117 152 135 139 146 116 107 82 48 70 63 65 52 62 67 52 57 81 80 68 81 74 77 91 87 81 89 89 100 71 68 75 72 88 97 103 77 81 100 91 116 100 105 99 111 127 120 140 142 162 146 152 161 170 168 150 199 214 223 208 211 233 213 209 198 212 228 195 80 99 92 78 89 74 69 91 116 117 140 142 138 131 104 78 51 63 80 85 94 120 105 102 116 126 106 98 127 100 127 117 97 52 4 13 31 19 17 33 28 2 24 3 3 8 35 29 57 68 120 110
102 66 73 47 51 69 78 105 140 151 126 132 117 129 115 75 54 71 52 52 51 77 70 76 83 66 87 92 91 88 71 86 82 94 90 89 97 79 93 74 95 101 86 104 85 87 93 86 112 112 121 124 126 118 111 129 145 150 150 165 177 158 176 196 217 204 213 199 209 204 202 200 207 208 232 246 193 72 96 81 79 88 65 89 92 114 125 126 112 116 95 78 61 44 58 80 90 107 110 114 98 108 114 112 101 121 108 103 62 6 30 14 6 7 27 33 21 28 21 29 8 30 39 47 66 88 114 105
71 69 71 64 67 74 83 102 129 150 140 125 123 136 97 83 57 43 52 74 71 67 69 61 54 79 61 64 81 77 71 86 103 90 95 82 76 86 85 87 83 95 86 89 104 104 99 101 95 114 104 133 126 105 129 115 140 148 164 145 160 203 209 197 216 202 205 210 201 207 221 229 204 228 224 236 229 167 85 69 70 81 94 75 100 122 122 112 122 128 98 73 52 34 41 56 79 113 101 125 124 124 117 119 98 113 125 64 21 6 13 6 5 23 19 5 5 38 31 31 19 17 50 66 117 126 110 127
64 71 49 68 62 58 92 120 135 124 149 148 140 111 108 85 67 56 66 60 73 64 80 56 64 71 66 69 92 71 102 88 89 94 88 98 98 81 91 77 73 72 104 103 79 103 85 116 114 114 121 122 118 109 118 134 144 145 142 173 185 210 204 205 185 206 210 208 224 188 202 208 213 225 215 209 209 222 204 97 83 82 87 83 115 121 135 129 120 128 104 82 51 38 16 61 90 98 119 102 105 103 117 112 101 105 99 23 9 9 6 13 17 12 21 30 21 4 5 14 15 31 53 104 117 123 123 139
50 61 49 63 59 68 77 98 139 131 146 140 126 125 105 79 48 55 57 56 50 62 64 64 57 60 91 75 71 83 102 90 91 111 95 89 96 76 91 81 92 83 99 79 95 109 92 109 119 122 121 100 97 124 120 124 108 134 196 208 201 182 191 190 190 203 194 210 211 208 204 215 225 212 220 219 212 205 226 222 75 72 89 80 109 130 135 127 126 116 114 75 54 43 36 49 69 94 88 119 123 100 114 113 105 104 62 18 4 32 28 19 12 34 12 8 5 17 14 17 48 62 105 106 105 111 124 143
47 72 57 46 53 60 89 122 139 146 134 128 131 137 105 87 45 46 51 54 65 74 65 74 61 82 75 95 90 71 103 75 115 106 93 75 75 75 71 97 90 93 81 99 86 115 109 99 101 115 112 98 106 110 120 131 162 184 180 182 179 202 181 174 194 185 195 195 210 217 200 204 225 226 225 217 220 222 215 229 180 73 83 76 113 113 122 140 108 114 105 86 50 23 19 23 33 85 92 97 98 111 122 112 127 89 7 26 32 28 26 12 23 25 12 7 23 35 16 31 49 92 106 110 114 144 150 129
60 58 65 50 76 60 81 92 119 139 134 140 138 123 116 83 63 63 68 74 57 77 57 62 59 65 64 88 81 98 100 89 157 102 81 71 95 69 73 78 88 105 100 87 102 111 121 108 99 127 124 116 97 105 132 153 176 195 162 189 199 187 179 192 193 203 201 217 199 219 206 210 194 205 211 226 200 226 213 231 233 150 81 99 94 127 112 117 126 109 118 86 70 47 20 22 48 63 70 138 190 184 121 132 101 41 19 17 6 14 24 8 12 5 31 10 21 26 33 28 82 129 109 121 118 136 120 123
47 45 49 75 50 69 71 110 129 123 139 129 136 124 88 90 49 62 45 50 68 52 74 49 52 77 73 65 96 98 91 95 185 83 78 85 75 82 73 79 78 96 88 97 111 103 110 119 109 118 110 99 87 154 154 188 170 161 189 166 173 174 192 197 199 213 198 207 198 198 201 202 218 220 216 225 232 222 219 207 238 206 67 81 103 115 136 112 131 122 114 82 66 38 24 40 24 75 220 199 181 188 230 221 112 23 14 6 29 23 15 24 29 30 23 12 19 17 32 66 105 110 106 144 149 123 149 136
61 74 58 64 60 57 96 103 112 134 127 131 118 119 94 64 64 39 69 68 77 50 72 55 79 76 79 71 67 88 73 133 157 96 78 73 99 86 74 96 100 96 104 91 95 113 103 106 106 97 97 117 161 176 150 180 165 158 155 176 172 174 172 203 202 196 203 198 191 194 211 212 201 202 219 203 206 212 198 222 228 234 140 80 95 122 120 118 121 128 117 93 63 40 26 45 130 233 168 183 213 238 218 241 181 11 13 9 11 13 17 17 19 5 31 27 23 19 73 122 116 110 123 139 133 126 147 130
48 49 48 62 54 68 92 117 128 138 143 135 144 136 94 85 62 42 44 63 62 62 66 64 76 62 77 81 78 94 89 185 149 76 64 93 66 88 93 89 93 83 112 85 85 102 121 98 95 78 132 147 176 152 135 157 174 158 175 148 180 182 183 182 168 183 185 205 199 194 182 218 207 192 215 191 220 195 232 214 215 234 238 110 124 120 141 135 143 135 111 96 75 41 57 173 206 157 222 231 222 226 205 215 229 26 27 17 35 11 14 17 14 21 12 34 46 47 109 102 101 131 148 132 139 122 142 146
58 53 61 49 57 78 80 102 125 123 154 148 146 112 87 81 46 40 51 49 54 69 69 80 89 83 67 97 94 86 93 200 148 78 79 76 72 92 98 94 105 82 91 106 99 94 95 103 99 140 138 157 146 135 155 152 189 172 149 178 187 168 181 186 168 164 180 209 205 185 204 182 194 189 203 207 202 204 220 203 220 203 205 201 120 112 120 144 121 135 106 90 78 85 218 190 179 227 204 214 180 205 206 218 224 35 21 34 25 25 21 33 27 36 32 18 39 101 132 122 125 129 123 139 136 131 121 137
60 59 66 55 71 66 82 121 131 143 138 132 141 131 107 94 58 42 67 69 80 57 88 66 87 64 82 72 94 97 105 201 108 97 74 78 68 88 74 104 105 85 104 96 103 100 94 87 136 134 161 134 151 154 136 172 163 171 178 181 181 168 163 161 185 185 190 182 193 181 208 188 194 219 148 191 190 194 212 188 216 206 222 229 205 138 132 132 147 116 105 89 180 215 162 199 223 211 195 212 196 199 200 202 230 28 25 32 20 30 13 17 17 41 24 9 67 105 128 115 136 128 139 128 123 131 122 145
51 67 58 71 62 67 76 96 120 138 147 152 148 124 95 69 63 48 46 61 86 80 85 80 87 80 71 97 72 91 129 179 121 106 66 81 76 97 80 87 88 96 92 106 104 89 89 141 129 134 119 133 134 151 148 159 164 175 168 151 175 173 149 162 162 186 182 163 188 198 179 191 190 152 177 196 189 191 200 206 185 177 177 196 211 175 140 148 137 132 158 224 205 172 204 205 218 212 203 198 189 192 225 204 196 40 32 34 21 10 10 8 17 26 20 49 106 120 123 136 133 134 131 126 141 129 142 133
62 76 79 65 66 82 82 120 125 143 139 137 156 118 113 97 60 43 57 62 80 54 81 81 82 80 94 80 80 94 147 163 129 94 79 91 74 66 67 90 83 80 80 80 87 88 132 140 131 129 129 124 134 131 148 160 156 138 157 183 145 153 151 147 172 176 164 184 164 176 163 168 176 178 173 180 187 197 198 193 193 176 171 178 190 194 122 139 159 213 183 170 185 222 220 186 204 185 200 191 194 214 208 212 172 36 20 25 24 10 31 32 44 24 63 72 104 112 137 137 130 137 129 132 130 130 128 144
52 78 57 60 78 63 93 109 124 152 131 145 155 142 109 83 72 68 69 70 56 69 77 59 62 63 89 70 80 98 187 155 103 92 98 96 81 86 85 96 96 105 90 110 82 117 139 112 109 121 130 147 151 144 144 162 147 161 142 141 174 171 170 152 153 147 174 155 171 170 156 161 190 178 180 201 193 183 196 183 172 188 172 157 162 178 183 207 206 181 203 208 211 193 197 183 208 207 201 197 180 217 221 212 123 33 25 16 13 11 27 31 22 48 70 114 134 132 147 124 121 143 142 125 120 120 125 141
68 74 81 71 59 81 91 125 133 135 148 160 134 128 105 86 68 67 51 65 73 76 76 76 61 61 93 83 98 83 198 179 133 101 107 99 68 78 85 81 104 82 90 101 125 109 121 116 106 125 124 135 145 138 157 168 164 135 128 170 153 150 151 163 153 140 160 159 164 171 175 158 176 177 180 180 160 170 149 166 172 180 176 156 165 180 173 194 196 211 200 194 202 186 189 182 192 188 196 158 179 206 201 211 72 26 39 33 25 22 31 33 46 61 110 113 129 135 152 148 131 132 138 148 122 132 122 135
75 52 81 74 82 67 89 110 122 136 133 157 157 119 114 97 72 50 75 69 62 57 87 58 81 81 66 81 93 94 216 156 122 107 92 98 96 79 78 90 83 81 77 126 117 105 131 102 135 120 136 132 120 129 159 140 124 134 165 138 152 147 148 157 140 170 146 141 168 175 161 181 157 163 175 150 163 159 174 143 181 146 154 194 189 166 176 208 200 196 183 205 199 192 182 187 191 204 182 157 179 172 194 172 40 36 33 36 18 33 40 25 23 80 129 120 122 128 149 144 132 148 128 126 133 148 135 121
68 51 73 61 64 75 86 104 133 139 144 134 146 124 124 95 55 71 58 50 60 57 65 87 61 77 70 72 90 108 197 174 156 112 104 86 95 90 86 92 72 83 109 116 108 130 94 107 128 137 110 131 143 114 137 136 145 148 128 148 148 152 156 136 136 156 157 151 144 142 174 160 168 145 148 150 149 150 154 142 153 151 198 173 197 186 201 186 203 174 200 209 203 185 182 207 195 193 128 143 131 145 168 106 32 21 12 32 10 20 39 31 58 121 128 112 133 127 148 126 151 143 142 135 137 144 149 141
73 64 73 79 58 86 82 125 118 148 151 130 134 119 118 81 49 71 71 69 63 73 78 78 79 69 74 69 97 108 182 149 133 136 115 110 78 82 82 68 93 125 109 110 111 107 118 123 113 125 137 111 122 127 119 149 137 148 146 145 146 147 130 156 154 141 138 133 133 155 158 151 154 144 152 164 134 157 157 170 174 167 162 178 195 207 200 193 195 177 183 213 202 188 201 199 197 149 148 133 124 151 175 37 17 14 31 18 19 48 42 51 89 127 126 120 138 134 142 136 121 131 127 137 142 130 126 126
77 68 67 54 87 70 100 125 118 157 155 135 154 141 121 69 68 68 75 79 63 85 79 58 73 68 73 82 85 113 176 178 149 140 121 123 99 101 96 80 120 116 105 95 110 106 117 113 113 123 129 143 126 136 143 145 131 141 128 122 120 129 135 129 134 130 150 131 156 129 157 141 134 153 141 133 132 145 159 172 182 202 193 193 184 173 190 196 178 192 194 199 212 195 199 195 184 149 130 118 120 134 177 36 21 24 29 9 29 26 23 72 108 108 125 144 123 137 150 130 141 137 128 132 136 129 147 144
70 76 61 72 76 81 96 102 128 129 157 141 157 125 102 97 66 64 53 55 56 81 80 82 62 60 65 78 91 126 179 193 172 138 130 120 120 71 80 102 97 91 93 87 117 109 105 129 98 117 117 127 101 139 135 112 117 109 114 118 111 91 109 140 140 138 146 126 140 132 143 146 138 131 134 121 143 177 163 187 204 198 173 191 182 200 176 189 211 195 211 202 186 203 216 196 146 137 123 87 113 174 77 25 35 31 32 8 46 34 57 86 125 122 116 140 147 127 126 146 141 123 122 126 134 131 124 137
67 65 80 58 70 95 87 118 142 151 135 140 137 128 105 72 59 45 58 68 54 62 80 57 72 62 65 70 91 130 205 174 171 153 144 148 121 78 90 110 107 103 104 118 114 106 109 103 116 105 112 123 111 124 96 110 101 70 82 91 121 136 95 103 93 118 113 111 116 126 124 100 81 129 119 173 167 147 190 186 188 181 198 176 178 188 181 205 214 204 216 195 201 193 218 145 122 88 70 85 161 195 28 26 33 7 33 38 44 29 72 118 126 112 140 122 150 147 137 144 141 142 138 130 147 134 135 132
60 77 67 61 81 80 82 114 139 150 153 150 161 145 119 83 54 68 68 73 75 62 78 81 83 85 71 70 92 137 218 183 186 161 146 130 115 93 83 92 104 95 102 126 109 99 82 90 108 109 124 115 116 110 95 89 63 52 46 60 99 139 87 72 64 51 72 48 72 40 32 47 48 128 155 146 180 199 184 190 190 184 172 183 179 199 185 183 207 215 213 195 187 191 139 93 74 92 96 130 200 70 16 39 9 19 19 45 19 54 105 124 113 126 142 139 151 144 146 134 137 129 135 128 147 142 141 122
85 78 64 80 67 70 106 117 126 155 156 141 146 139 116 88 59 47 55 52 61 73 72 61 89 87 72 70 83 113 214 190 202 148 106 104 115 104 94 109 83 106 99 106 119 111 92 106 90 97 120 114 87 95 97 79 78 88 59 66 48 74 65 40 42 38 27 39 27 30 31 44 120 131 154 206 181 172 173 175 182 188 181 190 197 200 178 182 191 183 205 167 120 94 75 75 77 99 150 152 128 19 23 13 18 13 43 39 37 77 111 105 139 145 135 127 136 140 144 122 138 119 136 141 124 143 124 139
59 86 74 70 87 71 88 115 136 144 140 137 136 122 110 100 62 60 57 74 81 82 82 61 74 78 74 78 78 75 229 197 202 146 102 112 108 111 103 92 95 96 114 97 89 102 112 93 106 106 101 97 104 82 65 68 47 53 26 29 58 60 60 45 57 57 16 33 3 23 37 146 121 145 176 186 179 186 180 165 195 194 193 184 173 188 191 176 188 176 88 74 71 73 86 112 118 159 180 71 32 28 10 9 27 36 22 40 41 107 115 130 143 150 146 133 143 138 129 123 136 121 145 132 127 123 118 142
82 76 89 78 81 80 100 123 139 136 135 162 135 131 110 79 51 74 62 78 69 85 73 68 69 87 69 85 96 98 196 188 188 160 138 137 127 118 78 106 106 120 94 88 87 119 111 110 123 89 81 99 99 58 36 26 47 18 35 27 63 43 41 52 59 51 19 35 16 42 152 105 148 175 175 163 171 191 166 187 187 173 165 173 174 193 171 166 90 112 96 77 96 110 121 140 134 172 75 15 13 16 12 7 7 19 44 23 67 113 126 132 126 156 134 146 133 153 144 140 133 125 147 136 145 126 139 120
60 77 60 78 69 77 80 118 130 152 159 161 154 151 128 98 47 69 58 56 73 69 77 79 81 61 66 90 79 100 132 215 173 166 160 133 119 91 109 121 109 103 87 98 100 98 103 88 100 112 94 80 37 49 26 31 7 21 20 50 62 23 26 69 51 39 24 48 62 144 132 192 182 171 158 184 173 166 172 153 158 178 182 174 192 182 91 85 85 96 127 142 157 140 139 144 175 67 17 30 37 28 19 17 32 47 45 41 106 109 121 126 126 154 137 143 139 144 149 133 133 141 138 120 136 128 128 119
89 76 65 60 90 65 82 123 139 135 144 164 156 135 114 96 71 54 66 68 63 68 72 58 62 86 67 96 80 82 114 217 206 191 149 153 128 98 109 112 99 80 107 99 95 88 90 103 91 76 63 49 28 45 30 23 16 4 34 50 10 39 65 58 17 42 22 116 133 109 170 183 182 159 171 152 178 164 157 162 187 187 163 177 119 61 95 79 88 102 129 133 153 159 162 176 70 21 29 37 33 7 29 25 35 49 16 65 103 106 131 129 138 132 157 157 135 155 152 149 142 147 147 141 141 127 118 145
62 79 81 59 65 92 100 113 150 150 150 144 138 129 114 98 69 62 67 77 77 73 62 64 80 64 90 76 85 92 79 162 229 190 165 161 113 100 100 85 86 93 105 83 91 105 95 85 63 54 48 29 22 15 15 50 22 1 46 36 19 23 13 28 44 74 70 104 127 176 184 185 162 180 172 167 155 157 173 176 162 160 149 143 95 64 86 64 102 73 100 114 147 164 121 36 8 12 37 13 16 26 19 10 13 27 53 82 119 115 131 148 141 128 133 134 146 126 133 132 126 139 149 143 137 146 146 131
68 73 70 78 90 94 88 103 128 163 148 147 155 152 127 94 48 50 66 61 65 64 67 65 72 61 76 93 70 78 106 91 194 195 193 156 123 105 119 101 91 91 94 96 72 70 76 71 44 65 47 41 31 29 22 32 11 12 16 30 43 24 21 27 66 73 99 133 183 166 194 185 180 155 171 142 155 166 156 155 151 166 154 163 111 70 100 64 71 111 85 119 145 76 15 16 16 23 32 15 30 17 24 33 49 28 42 78 100 98 127 143 136 134 131 142 150 147 145 143 127 124 145 151 143 149 135 136
74 65 76 83 71 68 85 115 148 158 158 147 140 126 111 92 66 45 63 73 78 56 64 70 58 88 90 94 82 99 91 89 138 212 170 157 133 115 94 91 95 77 79 94 87 80 60 47 31 59 51 34 9 19 26 41 15 9 6 6 11 28 40 32 55 81 104 140 162 173 154 164 158 153 143 163 166 143 168 175 178 175 165 179 153 70 60 82 54 80 98 96 96 21 11 25 23 35 39 17 36 32 8 36 24 54 67 94 111 121 136 134 150 154 147 148 140 135 137 144 140 130 151 135 143 146 143 133
81 91 86 81 72 83 80 122 117 140 145 136 165 144 119 86 71 56 47 74 76 82 87 71 89 61 77 78 85 96 94 91 121 216 187 170 93 99 100 85 81 80 100 86 88 71 61 39 38 20 27 24 31 22 26 19 50 28 2 8 18 29 43 95 61 97 136 152 170 162 154 156 146 146 165 161 150 161 183 195 183 160 164 163 151 102 72 24 47 71 77 113 83 33 32 12 27 32 22 14 15 22 15 19 15 45 98 113 108 147 127 137 129 143 126 146 146 137 142 148 143 128 148 129 142 122 124 124
69 78 80 67 87 66 77 105 129 132 165 136 164 153 119 88 77 59 71 55 57 69 68 70 74 80 71 83 93 86 98 102 109 219 193 106 110 102 93 85 77 107 87 77 85 44 14 30 21 15 30 21 40 29 17 6 51 37 36 22 7 10 101 81 153 126 155 157 188 156 141 144 148 175 140 140 173 185 165 179 177 173 197 168 173 99 74 40 40 41 105 106 41 28 2 10 11 32 22 29 20 8 26 47 26 68 104 92 133 118 117 144 139 149 143 127 140 137 151 127 150 137 149 148 131 137 143 127
77 62 75 87 76 80 85 101 135 159 137 146 145 152 118 100 54 67 60 65 72 76 85 72 87 61 67 95 80 99 77 99 103 216 196 95 98 90 97 102 94 66 85 47 40 22 47 10 14 25 4 9 21 18 17 17 37 35 17 21 27 136 87 163 142 131 162 167 166 162 165 156 155 130 150 159 173 163 180 185 188 198 205 190 186 128 80 43 27 53 70 98 62 24 24 37 19 16 23 25 11 6 16 18 39 101 121 110 144 120 130 118 144 129 138 137 126 124 133 140 141 130 136 150 121 141 121 127
77 72 86 68 80 82 73 116 146 155 160 137 164 154 109 80 64 67 48 57 80 74 73 86 69 89 67 116 99 93 82 91 87 162 158 108 88 94 104 98 85 82 43 41 22 26 34 18 29 9 20 22 16 33 22 44 21 32 7 34 119 97 152 166 152 127 158 155 174 142 138 148 132 155 158 167 174 181 191 191 187 204 196 192 173 161 82 39 28 37 57 111 49 15 26 32 35 9 42 25 14 7 41 29 63 94 96 112 147 120 146 124 129 138 135 143 121 118 140 138 124 149 123 135 122 130 134 137
59 77 86 77 59 67 96 123 120 147 158 139 144 157 132 99 54 57 54 59 78 73 60 66 63 68 95 77 96 82 101 101 101 113 196 99 92 113 90 95 83 50 42 34 8 17 32 9 22 15 8 30 10 19 27 45 29 76 11 92 97 146 144 182 174 147 134 162 177 149 128 146 132 163 151 173 178 182 180 190 185 201 196 189 196 144 96 62 27 11 51 120 74 9 34 14 33 40 23 33 12 32 37 34 90 113 111 125 137 153 134 146 141 132 137 125 122 112 141 126 122 140 127 131 120 120 135 139
59 77 62 90 78 61 95 119 132 137 145 136 145 143 132 107 61 50 49 74 56 77 73 86 75 67 75 100 83 96 85 105 91 105 110 99 107 116 80 80 52 19 7 50 25 1 19 34 37 2 33 18 38 30 15 17 8 54 77 89 137 151 144 153 173 129 146 171 127 142 131 140 135 162 151 159 156 163 182 182 193 178 196 196 183 152 110 64 16 20 44 80 88 21 5 14 24 28 13 25 34 36 25 48 97 120 109 125 152 151 130 134 131 143 123 132 117 131 110 126 114 116 117 128 128 138 128 141
61 67 66 59 85 63 89 102 136 150 145 142 143 148 137 89 63 68 69 81 71 63 68 85 83 92 88 99 74 87 98 89 82 105 97 129 92 83 75 94 27 46 28 42 13 15 10 25 19 22 19 43 7 22 13 46 30 63 77 146 150 142 135 160 172 176 157 145 141 151 123 155 142 167 172 146 181 171 176 175 196 196 195 197 202 167 126 67 39 31 38 88 104 42 33 27 25 12 23 16 34 19 21 56 126 114 143 152 157 141 126 139 152 144 152 134 130 133 117 126 130 121 124 108 137 126 127 139
74 77 76 87 74 66 81 106 133 145 138 152 162 137 117 92 52 70 71 76 77 72 85 79 88 85 89 78 97 85 108 130 133 101 56 98 94 108 74 51 35 21 15 49 20 14 23 17 17 11 16 34 17 38 25 33 34 120 129 158 165 139 156 176 181 150 91 87 100 113 114 145 137 147 160 147 148 175 179 162 170 168 173 198 184 150 112 47 17 14 36 65 120 48 39 19 22 25 34 11 37 36 35 96 123 122 136 129 141 129 150 147 156 145 145 142 125 143 144 124 134 126 112 131 119 109 122 131
85 61 72 75 83 70 71 101 127 151 145 149 147 130 127 105 57 64 62 75 81 67 81 89 74 64 91 88 99 106 106 130 99 44 37 95 133 85 62 20 55 4 34 32 16 14 4 15 11 29 10 31 13 29 22 16 112 99 157 165 171 152 142 176 155 108 100 110 91 75 49 63 87 125 162 140 167 151 170 180 174 177 180 151 121 78 50 49 30 34 35 35 125 44 44 19 32 26 20 29 40 45 60 90 119 129 132 149 153 139 124 126 141 150 126 151 151 142 125 121 118 131 135 131 116 124 116 104
62 63 71 85 86 85 70 102 140 155 138 168 159 143 115 102 70 57 47 58 72 73 75 70 61 91 76 96 95 86 129 126 106 56 48 67 71 49 26 48 37 19 21 31 5 13 3 10 46 28 20 24 45 39 9 88 94 155 157 190 159 144 168 116 101 103 96 78 128 75 70 62 58 92 137 121 133 153 181 153 158 143 100 68 92 62 65 68 42 9 16 38 108 52 14 17 21 21 28 29 36 34 78 106 117 147 142 146 125 136 138 126 125 149 133 150 126 138 132 126 144 137 136 143 132 126 130 103
76 58 71 68 88 72 95 120 131 142 167 148 165 141 123 88 60 56 73 63 80 89 87 86 73 70 67 96 122 130 144 125 138 113 92 43 48 34 42 61 43 33 15 28 14 24 0 26 45 12 29 27 14 18 59 116 138 143 184 186 156 155 94 69 72 47 29 19 36 31 51 75 105 76 95 119 121 140 151 167 147 116 81 58 38 29 31 26 37 22 17 36 112 66 22 27 15 15 33 27 30 31 81 126 124 152 146 146 129 151 129 121 147 137 142 124 144 140 140 140 129 140 118 125 120 125 122 125
67 70 77 55 64 81 64 119 126 137 155 151 154 143 118 104 79 70 64 62 63 61 64 77 65 64 104 158 167 134 108 117 94 46 66 13 24 41 43 39 49 51 29 30 21 20 1 2 24 50 30 16 21 24 115 120 142 153 183 173 159 81 47 32 36 21 8 21 65 48 37 48 85 93 103 112 115 156 164 181 98 48 4 26 47 17 36 17 8 35 32 29 125 68 40 23 32 34 17 31 37 63 119 119 131 134 133 147 129 126 139 120 134 145 128 137 123 125 129 125 132 130 141 116 123 133 106 124
59 81 76 75 62 69 74 107 131 153 159 144 160 145 121 106 61 54 78 71 87 58 66 75 72 82 116 164 116 135 139 99 113 53 23 34 50 23 23 29 54 48 24 8 2 14 14 21 13 21 19 26 23 74 108 150 171 167 174 173 86 59 53 43 35 29 30 64 137 178 78 80 68 98 90 96 117 160 177 149 62 43 31 69 95 42 2 30 13 17 16 47 119 74 39 22 34 18 31 29 41 76 124 107 123 132 149 126 135 131 123 127 121 125 127 148 122 130 121 124 114 128 115 130 107 115 109 107
63 68 78 79 53 70 81 109 141 144 149 148 140 141 111 90 62 76 66 77 85 80 90 71 91 76 58 114 168 184 125 69 22 5 46 27 12 12 33 35 34 57 28 1 4 25 45 20 1 22 21 8 42 70 127 142 148 179 171 105 87 91 80 42 67 62 59 81 182 189 117 71 77 75 100 108 116 155 192 99 105 55 59 49 113 46 46 14 20 18 26 48 132 58 45 28 30 35 17 43 48 94 106 124 129 148 127 133 121 123 126 123 119 138 130 132 148 143 128 136 141 129 121 110 132 113 128 132
72 70 78 53 60 50 66 100 140 137 162 156 159 151 120 102 58 71 60 69 85 90 93 68 54 76 105 154 167 194 48 43 17 32 53 30 21 39 26 52 56 70 29 15 10 9 5 27 5 5 10 26 91 122 155 159 171 182 97 87 92 111 100 85 60 83 127 129 144 147 123 93 103 76 91 98 119 173 199 115 72 117 100 123 99 53 45 33 28 12 38 27 115 82 43 27 21 9 46 34 59 100 103 126 151 126 121 123 130 130 145 143 142 122 137 121 145 133 115 139 136 138 119 109 143 161 172 188
83 74 62 65 76 59 57 95 127 162 146 168 162 164 129 99 72 81 78 94 89 82 97 39 91 126 101 108 93 37 36 49 53 28 15 26 29 41 35 57 42 52 60 17 26 7 25 30 3 32 24 63 101 141 162 171 176 92 103 98 97 113 110 99 113 89 71 94 94 97 135 136 93 111 99 100 109 167 206 148 118 108 72 74 49 53 60 48 28 16 52 25 111 86 57 28 5 20 38 23 74 116 121 134 125 147 129 136 142 135 132 147 150 137 131 125 136 134 112 128 114 111 119 144 183 192 167 176
67 78 68 51 73 67 81 85 126 132 144 144 151 162 115 99 86 82 74 68 74 73 85 135 128 96 53 49 60 8 17 35 73 69 48 8 13 35 60 46 42 67 42 31 11 15 1 19 2 12 10 101 109 161 148 196 93 73 81 114 126 117 133 132 126 101 125 110 140 147 133 134 125 113 119 100 127 167 209 162 131 129 92 99 83 52 60 31 43 33 29 36 93 117 45 29 12 18 26 52 81 125 112 148 126 128 137 130 131 124 144 128 142 120 119 131 138 127 120 115 113 131 168 190 198 183 190 179
60 76 53 41 63 58 53 87 135 145 159 174 161 154 141 91 91 70 74 82 94 79 87 110 78 48 40 44 33 20 45 30 43 37 20 10 26 22 26 74 36 48 55 6 11 11 17 15 19 18 77 97 144 153 170 112 82 77 78 111 115 114 122 130 139 144 151 150 153 147 130 111 127 127 109 109 102 155 205 153 135 132 128 105 102 71 62 49 27 37 32 28 103 109 58 13 15 29 29 51 94 103 119 150 125 144 146 135 120 143 118 132 134 142 125 134 129 137 124 123 146 191 185 179 182 202 179 198
47 46 59 51 64 53 46 112 116 151 150 146 149 147 120 109 83 62 89 76 95 105 119 99 113 96 65 42 33 23 48 72 48 56 19 24 20 48 37 54 73 81 58 47 18 30 7 23 10 36 96 116 164 170 152 55 61 86 79 112 119 119 139 134 140 144 143 160 138 156 133 118 105 114 122 98 105 140 219 182 138 120 125 114 77 103 96 36 28 34 57 18 94 131 55 17 27 25 33 71 113 130 147 132 128 122 132 127 149 142 126 137 136 125 143 138 115 119 126 143 170 198 206 201 184 172 191 179
44 55 58 63 55 38 52 88 117 150 155 152 168 146 139 91 72 67 67 69 96 97 99 65 45 24 28 18 28 39 55 66 56 30 24 25 14 11 37 20 48 12 75 72 44 18 23 26 22 77 91 141 144 170 36 66 82 81 75 86 122 125 133 148 148 152 148 143 157 142 142 142 124 132 107 110 125 156 203 193 144 143 123 94 94 94 89 42 28 30 59 34 88 108 68 42 44 32 43 85 130 108 129 142 138 150 141 125 147 118 142 129 123 139 127 114 124 140 165 167 181 207 186 193 178 191 206 214
46 37 55 49 66 45 56 92 124 151 141 158 164 159 143 101 89 53 74 69 77 76 62 47 44 54 52 43 61 10 48 40 18 30 8 22 0 14 15 20 46 7 68 83 65 19 11 24 44 110 127 166 167 34 29 57 90 83 104 86 97 125 124 141 139 141 163 151 152 145 140 123 136 112 119 108 113 151 197 191 132 142 118 90 92 81 68 46 18 19 43 47 85 118 68 19 23 33 52 115 122 127 146 152 137 140 140 118 122 124 117 130 128 138 141 122 128 146 172 200 182 199 195 194 197 205 212 219
53 37 53 34 58 57 60 100 131 145 160 162 141 149 141 88 58 73 75 71 73 75 74 104 65 67 44 61 35 24 30 48 16 12 1 31 30 1 23 20 20 28 69 58 110 55 29 17 103 102 163 181 114 34 43 57 85 98 95 85 117 109 121 134 144 139 133 140 154 132 121 124 111 111 88 83 115 143 178 201 143 118 103 99 96 108 77 21 13 48 49 32 88 98 73 33 44 35 72 123 130 145 141 141 122 124 148 126 143 118 141 133 120 135 122 115 143 180 187 187 202 186 194 214 212 233 227 223
62 49 57 62 34 59 67 90 138 154 139 151 147 147 124 106 78 61 108 64 107 96 79 31 83 66 50 18 49 34 62 57 38 15 15 17 6 21 28 39 41 45 110 114 52 71 28 48 92 111 171 153 11 26 45 68 74 68 91 107 89 106 135 133 135 129 146 129 149 132 118 108 123 88 95 101 104 129 164 225 148 135 111 88 107 85 70 23 42 36 64 17 78 109 116 34 52 40 94 121 112 140 137 140 148 131 144 144 145 135 127 119 145 143 126 125 139 191 195 194 184 201 191 219 220 225 235 229
40 55 47 58 40 45 46 76 114 134 163 158 165 137 132 117 82 63 86 77 76 73 66 56 52 55 44 35 58 53 66 74 41 5 6 25 14 22 33 63 57 78 79 122 33 38 29 94 103 168 171 23 27 39 47 53 74 85 95 89 105 101 102 124 130 134 132 131 136 118 125 120 90 100 75 104 95 135 168 235 154 129 118 113 106 73 40 19 40 53 37 28 73 125 121 26 48 55 116 125 123 140 149 142 142 148 130 135 133 125 138 124 117 140 129 137 175 211 189 208 188 207 227 241 223 234 217 223
41 60 41 44 53 32 56 96 122 138 140 156 159 149 122 103 73 51 81 88 63 82 57 53 56 46 37 18 44 33 52 81 33 47 24 23 18 18 52 56 72 98 51 49 32 14 85 88 100 134 71 9 16 22 64 46 69 72 98 101 105 103 112 133 137 124 131 132 141 113 126 106 87 94 117 83 102 130 153 225 151 119 96 91 101 69 40 6 37 39 38 40 35 120 120 55 27 58 110 125 125 133 139 142 133 125 134 139 145 145 147 124 123 146 144 158 186 204 184 184 204 222 234 218 225 236 225 240
45 57 47 34 51 52 54 79 125 158 142 163 167 147 128 116 71 77 95 85 75 92 36 45 65 51 17 42 60 30 64 60 48 44 11 4 26 2 24 57 22 63 24 29 26 48 144 152 128 145 47 2 40 22 76 59 58 75 80 88 100 98 122 116 110 111 131 127 141 127 103 90 99 98 107 102 101 119 158 189 142 108 111 75 87 55 14 23 37 43 48 35 30 128 127 57 34 90 121 126 129 135 143 150 128 131 137 137 121 137 122 131 143 126 134 166 197 200 212 202 220 233 215 233 232 239 213 217
68 58 49 52 47 57 59 102 142 157 157 143 164 140 138 119 70 61 65 85 83 79 43 48 70 32 2 71 22 18 56 49 95 72 13 44 35 18 18 31 65 76 18 43 1 96 145 161 163 45 25 30 30 15 50 54 69 76 92 87 91 105 124 121 123 125 133 140 118 115 112 107 87 72 70 85 66 80 104 156 134 121 104 97 81 24 33 11 40 35 59 26 44 119 107 89 48 111 119 116 133 130 126 125 131 137 144 121 145 132 121 122 144 139 148 168 200 208 205 205 215 229 216 214 233 236 243 228
60 37 49 56 52 41 77 118 127 159 137 156 143 137 123 118 77 67 73 87 74 55 56 51 25 32 32 46 19 40 53 46 75 44 32 14 36 85 11 15 77 12 62 59 85 90 109 153 58 12 30 17 35 43 67 39 74 72 70 77 91 99 107 110 111 112 127 119 130 124 111 113 95 104 98 92 107 132 150 137 126 96 88 77 62 7 20 35 46 33 38 30 42 105 120 82 42 119 118 143 127 140 133 138 130 121 141 142 120 118 148 145 130 130 164 199 195 199 200 220 227 213 232 214 237 228 222 233
57 51 64 60 67 54 68 110 127 148 146 147 139 157 142 111 73 66 63 64 77 97 21 30 49 36 39 33 45 46 50 66 66 63 63 38 47 111 20 34 40 64 93 128 112 89 122 112 22 25 16 34 27 17 77 46 53 77 94 96 89 87 120 119 117 104 116 124 141 113 136 128 110 112 139 144 146 170 154 153 118 108 98 82 36 26 16 20 45 43 39 55 47 56 120 90 90 113 140 135 123 138 123 131 123 123 140 133 137 125 137 124 142 128 160 183 210 216 234 233 218 228 238 217 229 238 220 228
36 64 52 57 43 69 72 98 141 158 135 170 161 151 149 121 87 49 67 72 86 66 44 28 65 56 22 7 41 33 31 63 39 74 67 32 56 54 29 31 61 118 151 148 71 82 134 35 24 22 13 51 39 41 56 72 68 69 93 98 87 104 114 115 95 117 120 126 137 138 123 125 123 114 131 166 149 159 183 129 117 88 80 45 4 28 3 38 45 42 45 31 45 52 121 94 113 119 133 128 126 146 149 141 138 127 131 131 136 132 141 124 119 144 171 196 196 229 233 241 234 240 221 232 244 226 223 219
45 54 44 46 60 60 83 116 143 139 156 162 148 164 142 97 64 68 76 85 75 67 55 52 45 18 33 4 10 36 21 50 26 69 58 50 73 41 40 82 102 119 163 92 72 124 26 19 46 20 41 36 26 15 50 52 65 75 81 93 81 87 97 117 102 96 115 119 125 106 108 128 122 124 128 185 178 175 160 129 88 88 71 17 2 22 12 19 31 49 49 57 50 56 105 96 112 142 143 128 141 137 129 126 138 134 129 140 125 135 134 122 125 138 175 208 206 229 222 226 232 228 242 237 227 233 233 248
31 49 38 38 59 65 92 125 140 161 164 146 170 167 149 93 82 69 62 85 66 82 41 30 24 13 14 17 34 37 31 24 38 39 67 86 29 30 89 135 151 172 121 70 109 52 22 39 38 28 23 27 30 29 39 65 51 68 86 85 79 90 111 99 113 118 107 111 93 99 105 108 117 126 130 126 162 140 132 111 87 92 50 31 20 11 22 42 38 38 40 59 47 51 105 79 130 116 139 128 148 146 134 126 137 121 127 125 128 135 135 120 114 148 174 219 234 245 235 242 226 236 243 225 222 241 247 248
50 52 59 65 48 60 95 98 131 145 165 142 158 154 121 95 60 68 92 60 74 56 31 33 42 22 26 31 32 61 36 44 33 43 32 69 58 107 97 172 195 131 101 74 91 31 20 30 28 37 26 45 46 24 51 59 57 66 77 74 73 91 80 91 112 108 80 74 60 65 90 61 78 53 75 68 100 60 75 52 83 97 6 18 19 30 20 27 42 54 56 55 40 40 130 91 121 124 146 147 123 129 131 130 142 120 130 129 138 121 122 138 120 131 166 223 236 235 238 221 243 221 217 231 224 231 241 245
30 40 47 39 60 55 85 101 145 151 155 150 146 168 141 115 75 97 70 72 99 52 43 38 20 26 36 38 36 88 41 40 38 53 62 36 66 123 120 204 179 101 68 120 13 44 34 13 28 18 19 31 27 31 34 46 60 59 77 91 97 90 94 87 103 109 97 102 94 65 82 97 101 106 113 122 145 118 93 87 97 56 15 22 13 5 35 32 49 39 38 57 29 43 99 114 121 120 146 133 124 126 131 140 120 138 126 136 134 143 116 143 121 143 175 237 244 234 235 220 245 218 236 237 235 245 218 230
50 28 33 44 66 72 90 110 138 150 171 153 165 152 153 108 100 63 56 86 72 49 40 34 28 25 49 38 39 77 37 33 56 49 46 63 72 104 117 144 106 109 135 38 14 40 5 6 30 16 22 42 46 19 54 59 50 63 64 87 73 96 92 100 86 101 112 113 79 83 91 83 92 131 125 139 126 119 81 91 74 9 12 25 32 15 25 30 42 43 60 57 61 59 106 134 138 123 150 134 125 124 135 134 141 133 134 114 130 117 123 122 130 159 201 234 247 242 218 223 236 224 247 222 243 225 228 236
24 34 33 58 40 78 85 106 145 151 149 146 157 161 147 120 80 57 94 100 88 50 50 40 29 28 45 45 60 55 51 62 50 55 51 69 119 105 98 144 116 158 48 5 18 15 8 33 16 36 19 19 34 35 35 33 47 46 83 71 95 90 95 101 87 110 101 108 99 80 96 98 86 91 113 107 83 114 97 94 48 1 27 37 38 38 29 48 45 49 44 30 58 50 96 143 139 122 132 121 123 124 136 138 138 135 117 132 132 135 124 125 134 159 199 230 221 222 227 228 234 237 240 216 210 220 214 202
19 47 45 46 45 55 85 99 142 157 166 154 146 140 149 101 79 72 94 73 51 43 79 38 34 40 34 35 88 46 71 47 42 32 100 79 58 94 98 151 155 83 9 28 30 26 21 9 10 9 13 28 32 21 28 34 35 65 68 65 86 75 81 78 77 108 112 118 88 79 99 87 90 102 93 85 113 99 99 47 43 30 23 23 23 26 51 25 53 68 36 55 52 31 92 133 145 116 120 122 125 130 144 131 142 133 139 137 134 139 129 121 110 148 217 248 224 222 233 244 223 217 218 210 225 211 238 239
40 31 51 48 54 68 100 107 125 153 153 152 148 147 128 99 88 72 77 58 48 46 40 35 12 46 31 25 105 85 46 95 54 66 52 69 63 88 112 192 120 15 5 1 25 20 13 23 35 20 19 17 19 36 15 45 35 48 60 65 59 77 85 89 107 107 96 101 118 93 110 119 110 134 121 130 97 86 77 38 18 30 15 37 33 26 43 46 66 47 49 62 41 55 94 146 141 123 120 132 142 146 127 118 128 121 144 117 136 121 135 123 114 148 228 255 255 241 223 221 236 227 218 236 236 222 212 221
38 36 27 27 46 91 85 114 109 152 143 146 166 146 135 118 70 58 75 61 49 53 49 12 5 36 35 21 61 46 72 71 60 44 34 95 104 54 93 117 29 20 20 21 24 44 25 14 6 19 9 38 27 38 26 21 50 39 36 44 67 73 86 68 99 83 117 104 114 127 141 113 145 138 141 131 113 87 46 49 11 12 30 38 35 38 24 45 62 60 54 41 46 37 87 142 137 120 135 146 127 145 127 145 127 129 124 114 132 121 121 122 135 168 226 235 244 224 241 244 224 237 240 233 222 221 200 194
31 34 24 34 50 92 98 103 114 158 157 148 146 152 126 102 60 52 76 78 52 37 38 18 27 46 26 32 52 35 35 52 81 70 76 75 83 64 60 66 42 3 19 3 38 36 4 17 31 11 18 14 22 37 18 19 29 29 36 33 36 43 49 79 83 99 113 122 111 116 136 124 126 129 143 130 94 87 48 34 13 10 27 39 19 36 25 33 72 54 63 59 45 57 107 139 132 127 125 125 130 116 131 127 122 124 130 123 117 112 130 129 130 155 237 231 223 235 223 243 216 220 206 215 191 208 195 188
14 16 46 28 63 72 80 93 139 131 140 160 142 143 141 95 66 73 80 39 36 45 47 31 36 40 3 31 56 45 20 36 52 68 87 67 91 70 45 54 17 8 21 12 27 29 29 39 16 27 33 21 26 28 22 25 29 32 29 42 29 22 32 51 67 74 85 81 95 117 120 130 124 131 127 109 109 95 52 22 34 0 23 34 33 43 29 43 68 59 43 73 55 45 103 139 106 125 106 129 129 138 126 115 113 114 130 138 134 124 129 113 137 201 248 250 214 230 235 226 218 206 216 190 188 142 110 87
33 30 24 41 53 59 74 111 125 135 165 151 171 137 125 112 58 118 120 76 18 32 17 44 14 24 5 27 61 83 35 43 58 68 52 56 115 77 90 109 19 22 26 34 46 32 12 20 28 31 24 26 25 9 42 21 30 19 22 46 28 50 67 73 77 72 66 70 89 100 124 108 129 125 115 128 100 108 48 24 29 33 28 26 30 41 40 36 49 52 59 70 39 68 96 136 112 103 92 90 118 114 100 104 122 128 128 130 136 116 129 110 143 204 241 225 222 218 219 205 218 198 159 149 120 60 30 49
31 40 35 32 60 70 78 100 118 141 155 162 144 140 136 114 165 119 56 92 25 36 20 36 29 33 17 26 54 81 74 45 41 43 97 75 63 112 50 63 108 13 19 27 43 44 29 19 16 14 21 19 24 31 25 36 41 42 34 38 54 73 74 74 102 89 79 77 116 109 109 121 112 112 119 142 156 161 166 136 62 3 30 25 45 29 42 52 70 59 58 72 62 68 105 120 80 83 74 81 92 85 95 108 107 104 126 105 119 124 117 101 138 212 227 203 217 205 208 188 199 165 132 92 64 39 62 70
37 40 49 19 57 52 54 83 117 153 142 144 142 164 125 155 97 56 53 33 4 18 51 46 9 29 37 30 50 62 72 57 50 85 90 35 55 61 59 55 105 111 15 40 36 51 20 25 32 20 11 25 26 9 21 39 18 23 20 56 45 82 79 70 95 89 89 105 101 107 100 124 118 110 122 138 175 180 181 176 192 158 94 29 39 40 35 44 48 54 55 45 52 45 120 126 114 103 96 92 86 86 79 78 79 80 101 90 92 97 98 118 150 202 225 208 225 201 195 207 176 143 92 67 42 62 51 80
79 73 57 33 41 51 65 78 108 146 143 160 151 156 141 109 71 71 94 23 9 19 41 36 24 21 33 30 40 34 68 30 72 91 42 62 55 62 64 93 87 56 85 15 39 51 3 38 24 10 29 15 15 18 16 20 20 38 45 59 65 85 81 75 77 75 95 102 94 105 95 97 109 107 145 139 155 160 157 178 188 161 198 166 71 28 56 67 76 63 46 53 64 44 103 100 122 128 121 116 118 98 81 100 73 68 85 79 68 97 83 83 135 196 201 221 206 202 208 186 131 92 57 53 73 57 58 78
105 106 82 55 48 44 59 86 104 134 156 150 150 151 129 111 94 121 58 21 1 21 30 53 24 30 69 57 26 11 40 67 70 58 24 50 60 60 71 77 88 50 48 63 48 49 11 44 24 32 3 6 33 27 17 29 45 40 42 39 59 56 79 77 86 73 97 109 94 95 92 114 122 120 144 144 146 161 178 159 190 162 193 191 182 142 51 56 51 49 42 61 51 41 131 100 127 115 111 126 126 108 97 95 90 74 85 85 95 114 125 101 143 205 199 228 216 187 162 129 69 64 58 54 58 53 70 59
116 114 103 90 69 61 60 67 102 132 137 159 138 164 142 129 152 71 39 19 14 27 42 55 71 75 38 30 37 65 39 36 30 44 45 45 61 69 80 85 37 80 26 102 32 20 22 25 20 17 26 28 18 36 10 32 49 58 30 51 66 63 64 74 83 96 100 118 102 95 105 97 136 139 137 137 141 177 161 171 161 166 172 176 177 201 171 37 80 50 62 59 63 35 140 103 115 123 121 128 123 107 122 124 120 103 104 83 100 109 122 91 158 218 206 215 217 188 166 88 52 59 73 59 68 77 64 68
94 104 136 104 87 77 49 82 123 138 171 142 147 138 138 155 132 102 19 20 26 40 34 14 54 23 19 39 50 38 20 72 14 39 42 39 46 74 95 90 73 50 106 66 80 35 28 35 16 24 20 19 35 13 28 33 40 42 40 24 55 79 79 81 80 88 93 92 100 102 112 122 125 149 141 130 142 166 153 181 162 165 171 184 180 205 211 147 66 60 53 59 43 73 132 110 115 123 120 121 117 130 113 121 114 112 97 97 116 128 123 108 181 229 209 228 187 165 111 66 56 74 62 69 93 85 82 74
74 116 107 140 105 86 48 72 110 157 167 161 170 140 146 130 102 70 12 9 6 8 25 27 28 8 27 27 29 35 21 11 34 34 26 47 49 65 80 86 96 80 64 69 125 7 24 25 33 11 16 27 48 19 22 24 48 60 65 29 49 61 63 85 106 94 99 105 99 123 112 121 117 122 141 149 162 161 160 153 149 163 190 190 196 185 193 217 129 50 68 47 66 70 128 127 112 134 132 126 133 124 119 106 123 112 110 118 113 139 128 149 191 221 207 213 189 145 97 69 77 66 74 91 85 74 60 76
61 88 128 125 111 103 39 68 118 157 151 158 162 167 135 145 98 51 13 5 7 33 10 23 22 14 59 38 28 22 44 7 51 37 30 36 30 51 66 62 97 89 13 88 111 33 26 25 38 37 20 9 22 11 34 35 48 69 65 49 67 70 79 81 96 97 89 100 110 100 103 131 110 128 147 140 132 143 158 147 167 165 179 182 195 190 209 203 217 64 71 45 42 79 103 128 115 127 134 136 127 106 121 106 123 107 105 100 122 122 128 178 213 211 233 197 188 144 74 73 61 75 82 88 72 71 63 63
26 70 105 142 147 118 45 58 104 149 163 156 170 158 127 99 120 59 15 16 15 20 25 12 19 33 58 27 14 26 29 27 26 45 40 52 62 41 55 90 82 62 26 68 148 41 24 31 42 22 20 28 41 35 35 28 39 62 59 32 69 69 80 93 92 106 114 97 98 121 117 106 138 134 132 151 148 139 139 155 171 161 183 180 186 204 190 196 201 171 64 45 60 78 134 137 140 114 133 123 108 126 121 129 109 123 125 101 130 149 173 204 213 219 220 202 154 99 91 89 79 86 74 97 63 56 79 73
41 58 103 127 148 94 61 70 106 142 159 168 146 164 146 124 96 54 26 21 21 10 15 18 13 43 64 28 20 10 14 15 29 42 24 41 37 54 39 107 83 81 52 45 143 13 5 35 35 32 13 22 25 18 45 52 65 46 48 26 56 92 91 80 111 103 97 92 122 117 103 130 124 120 143 124 129 137 157 154 160 154 181 190 186 202 191 214 193 223 86 56 34 114 128 122 140 122 139 122 128 130 118 129 115 110 103 112 162 182 201 203 227 218 229 198 141 99 97 89 88 78 76 61 57 77 85 66
43 51 117 150 151 93 51 73 108 150 153 144 149 157 147 114 114 43 24 15 3 15 9 12 17 53 39 4 35 29 6 15 26 16 36 56 55 54 35 108 104 82 61 79 96 56 26 42 51 22 14 30 45 14 48 50 51 88 83 42 59 71 87 106 104 88 89 111 117 120 118 115 120 112 143 129 126 128 156 148 164 161 168 178 202 210 207 194 218 210 167 60 56 105 122 127 139 130 124 115 130 109 115 132 116 128 117 126 202 232 214 220 214 209 218 171 126 90 71 92 87 81 82 65 73 81 72 68
14 34 97 153 140 95 42 69 130 150 155 147 162 152 130 102 99 46 32 21 26 29 28 19 37 65 19 8 16 28 33 20 25 6 47 25 72 32 52 103 122 95 66 105 80 65 38 32 25 46 25 27 17 27 40 63 65 77 76 41 52 88 89 83 112 102 89 93 109 104 101 128 123 124 137 124 133 142 147 152 155 155 171 186 190 193 191 205 213 217 215 43 36 122 136 116 141 128 139 112 108 126 110 132 109 113 125 130 220 220 215 215 234 229 191 144 88 76 93 89 72 77 69 85 62 62 63 50
25 44 102 133 149 103 52 86 102 150 171 142 163 144 153 102 90 31 37 16 29 16 17 45 10 37 33 16 30 40 17 9 37 6 47 31 42 69 91 98 74 77 99 116 85 68 45 26 29 49 47 30 32 43 48 71 68 70 68 42 57 93 94 99 97 121 113 90 92 119 97 127 110 118 138 130 122 130 148 151 140 148 174 179 194 182 205 206 195 197 197 87 72 113 113 145 134 136 122 133 110 135 121 124 129 103 116 150 201 227 206 210 240 220 177 123 110 87 94 96 87 71 83 65 88 64 59 49
15 39 96 131 145 131 66 69 111 146 161 149 153 160 131 120 93 46 6 11 18 13 8 31 32 40 23 20 23 20 23 14 25 33 39 37 28 53 69 68 63 50 18 40 46 71 61 74 90 40 51 48 38 43 65 58 80 66 67 33 63 89 82 82 115 108 91 94 96 101 117 111 99 109 131 119 126 142 130 151 164 174 174 161 176 208 202 213 197 197 200 130 54 126 123 137 119 123 131 128 109 136 127 131 116 117 112 166 198 220 201 230 224 208 128 111 96 72 83 94 96 85 70 65 71 57 48 68
13 48 98 142 141 119 72 71 114 149 151 140 161 166 151 108 66 53 41 2 24 16 20 21 6 13 22 20 8 4 7 1 12 9 30 14 30 57 77 53 76 82 26 39 33 9 42 30 39 69 35 27 40 58 53 81 91 89 41 53 70 87 110 85 97 104 100 104 95 100 121 105 106 113 117 133 140 147 155 139 150 152 176 174 192 188 188 185 197 191 194 204 60 113 127 135 124 139 120 132 109 137 125 118 130 112 111 152 192 186 197 235 215 170 133 119 85 72 60 82 71 71 57 91 81 74 75 51
30 26 66 121 133 129 83 87 123 140 156 154 147 142 149 134 105 38 27 8 23 19 53 29 18 23 8 5 14 21 37 18 35 40 38 65 41 81 60 82 49 40 78 39 53 46 38 19 39 15 33 25 53 60 78 66 85 81 41 56 85 92 90 117 92 96 93 101 117 99 98 104 97 109 108 118 130 135 144 148 133 163 146 181 174 185 198 204 204 194 201 218 105 140 117 129 110 138 112 125 137 126 126 126 133 132 128 144 122 166 191 225 217 159 114 81 83 74 60 63 76 51 93 81 73 51 69 72
33 42 73 118 148 113 82 72 119 132 154 154 157 144 126 104 101 59 18 20 26 14 24 17 8 38 27 22 37 30 26 14 14 31 39 29 22 19 42 62 51 26 81 95 47 39 29 34 16 23 18 33 35 59 78 73 77 68 31 58 76 110 99 119 103 108 104 118 104 90 93 120 107 116 122 124 136 133 122 151 147 141 154 154 161 180 204 209 202 211 209 189 160 128 96 98 98 116 114 113 134 120 125 109 112 142 125 142 116 138 200 235 215 161 114 100 91 66 85 56 72 57 90 52 66 77 48 51
36 43 76 128 145 137 86 69 111 152 166 159 168 147 127 103 101 49 37 4 25 21 0 18 39 25 6 44 3 30 21 6 14 8 9 42 52 24 29 35 35 41 38 50 16 26 13 41 29 16 22 27 55 65 60 64 81 59 60 94 98 86 106 107 92 93 93 96 113 98 104 117 114 105 111 110 114 129 121 145 152 151 152 158 180 170 180 180 210 198 213 205 167 78 73 77 67 73 101 99 86 118 108 126 142 145 149 134 119 148 210 211 175 136 101 73 77 61 65 66 65 81 70 76 64 54 49 60
22 42 65 122 162 147 99 69 92 137 161 150 149 170 149 112 82 41 19 31 26 30 19 27 24 16 11 13 18 10 27 13 6 28 53 35 85 52 32 17 23 74 33 40 20 16 33 13 12 14 47 31 56 68 72 62 67 22 55 81 94 93 115 109 104 93 108 118 110 96 103 111 108 104 128 132 133 140 135 139 127 153 148 168 171 188 181 185 190 186 195 213 200 95 79 53 49 52 69 73 73 74 72 80 109 141 138 136 145 159 228 201 148 114 86 66 79 67 55 55 85 67 59 67 64 65 67 36
19 22 46 119 162 146 98 64 109 131 151 151 157 145 139 105 68 59 22 29 20 4 15 18 30 22 31 29 23 25 6 14 30 16 16 28 54 95 59 58 46 21 10 23 13 4 6 21 4 32 30 63 60 71 58 80 37 53 79 93 79 102 87 103 97 106 124 125 97 100 118 92 97 99 118 121 106 135 134 130 148 157 160 163 149 177 186 181 183 187 202 208 200 128 80 83 85 69 73 53 57 44 42 66 82 106 164 182 162 200 203 178 120 81 51 61 65 46 46 64 83 54 49 69 59 60 63 52
47 50 61 119 151 140 113 77 116 138 140 141 154 168 150 90 77 33 13 18 20 16 34 32 30 16 30 38 20 23 6 6 13 23 18 28 44 90 77 71 59 60 21 39 29 34 20 32 6 45 54 69 74 76 65 41 44 66 78 82 112 104 89 90 115 117 95 95 103 112 104 97 93 98 118 109 124 115 125 132 124 151 154 158 165 176 165 199 186 207 214 195 210 162 80 86 87 80 71 67 51 35 23 41 29 125 181 192 137 200 204 157 92 78 51 65 44 65 71 68 63 43 58 65 81 72 52 27
60 70 93 124 156 139 131 91 106 135 159 159 163 146 135 92 91 37 14 37 19 17 22 25 8 9 22 7 25 19 25 14 15 17 35 31 36 50 61 95 59 62 37 21 14 25 32 20 16 31 61 60 61 59 56 41 53 94 77 109 88 90 98 98 110 122 120 118 110 107 103 109 114 94 106 115 122 128 114 116 141 132 142 162 152 163 177 195 178 183 201 215 208 185 101 72 77 93 70 60 51 47 35 53 48 109 185 166 162 189 147 101 64 62 63 62 63 55 77 43 55 67 55 75 80 58 55 54
71 70 109 141 150 171 127 69 100 137 162 156 143 158 144 102 91 37 13 12 1 3 22 29 16 25 27 32 26 38 17 24 19 44 23 22 35 38 37 47 83 18 10 32 34 33 15 33 35 38 54 51 80 24 39 60 75 94 73 89 109 108 117 117 111 103 105 123 122 123 117 98 93 114 104 115 104 132 112 118 124 145 128 135 158 155 166 171 204 195 195 184 193 192 118 78 78 80 80 74 72 52 45 68 69 109 178 194 166 147 79 79 50 56 39 40 68 82 57 60 58 58 76 79 59 40 36 55
57 102 91 111 144 166 115 87 110 134 167 152 167 173 144 87 76 19 14 11 21 27 10 32 26 3 32 49 23 28 49 26 31 27 43 30 14 29 53 59 16 49 14 8 16 13 16 23 36 51 54 50 23 51 71 89 88 85 90 80 92 98 117 104 103 111 94 115 113 111 123 120 120 100 101 109 110 124 116 124 117 149 140 147 142 171 176 163 198 204 191 195 184 187 132 75 95 92 80 65 81 86 75 71 85 121 167 175 115 65 53 50 46 59 69 66 85 70 51 61 44 75 66 70 70 36 46 41
60 70 93 99 134 160 131 87 100 134 151 147 150 156 158 97 75 22 18 20 20 10 25 17 12 22 41 41 35 30 45 45 33 35 23 21 51 27 54 70 43 33 15 28 21 24 16 12 17 29 38 49 70 68 81 94 91 100 76 109 85 103 107 94 115 95 124 125 109 102 124 124 126 126 98 122 116 132 123 120 122 136 153 155 135 171 172 171 181 174 196 215 190 193 193 93 74 64 75 73 79 68 64 72 75 106 119 99 70 56 57 56 73 62 74 63 52 45 37 56 54 60 77 81 59 37 40 37
58 52 86 114 147 151 144 112 107 139 166 155 167 151 153 101 51 30 33 15 9 33 32 32 44 12 31 25 22 27 60 45 5 51 53 20 38 56 47 61 52 45 15 4 23 18 36 47 46 42 58 81 63 78 73 85 78 97 102 106 107 90 95 105 120 101 116 98 113 117 109 106 128 115 106 108 105 123 105 130 139 142 137 128 138 162 174 156 187 196 184 200 206 181 193 93 67 71 73 67 77 90 77 87 83 78 97 77 83 78 85 60 64 76 76 57 47 46 44 59 68 76 71 73 41 54 32 49
59 52 77 88 157 170 168 106 114 122 163 148 174 172 143 67 48 44 23 10 11 34 21 14 23 32 26 39 19 30 38 76 27 43 43 20 25 65 31 44 60 30 5 21 18 29 23 54 50 56 69 91 86 78 80 101 75 78 76 86 100 90 109 112 92 100 99 104 105 109 122 129 112 111 102 120 120 133 109 109 128 121 122 143 145 147 151 162 180 182 187 207 186 201 197 119 80 82 78 83 95 76 92 90 107 90 88 85 82 95 69 72 57 74 53 42 64 53 53 72 87 85 55 61 49 48 50 34
47 37 46 102 168 184 168 128 122 135 155 166 158 146 155 95 60 34 37 34 19 20 35 37 22 21 16 58 14 26 43 59 64 8 48 29 19 54 49 54 56 28 6 16 33 50 60 48 68 80 86 73 82 87 74 100 77 81 99 79 112 86 115 88 102 109 98 108 119 122 116 106 131 105 122 117 119 110 129 124 135 129 140 143 144 137 166 164 167 183 186 188 190 187 177 173 73 64 79 69 100 97 94 81 98 92 103 106 87 76 66 58 68 48 51 40 69 65 54 73 90 86 71 52 28 37 56 58
51 59 56 101 171 190 187 125 109 123 161 145 146 152 133 90 41 36 25 11 22 20 31 58 21 36 47 57 46 48 56 32 72 41 49 54 38 50 44 13 52 49 70 30 32 58 48 58 55 74 88 98 85 74 102 88 106 105 92 89 86 116 92 95 100 106 121 96 103 114 118 110 124 109 112 123 124 123 139 131 125 115 125 144 155 141 149 154 154 187 185 196 184 181 199 194 72 70 74 70 91 80 86 106 98 98 116 96 102 77 88 62 64 63 63 52 46 52 79 98 92 53 61 54 26 43 47 57
46 46 66 92 164 171 182 119 110 123 155 168 153 168 148 88 51 17 39 37 14 50 47 26 42 55 74 36 45 59 35 38 45 57 41 32 18 32 43 31 27 25 29 40 49 41 68 54 63 80 78 77 93 85 100 90 88 106 108 93 108 98 91 117 90 111 97 100 116 98 103 99 112 126 116 133 115 113 122 137 120 131 146 128 157 146 162 166 176 175 184 190 197 205 202 208 106 101 72 86 93 98 120 125 121 107 114 114 98 83 56 54 55 61 63 51 51 71 85 100 88 50 45 38 36 32 48 90
57 44 54 81 135 161 139 113 116 149 165 142 150 162 145 81 58 38 39 28 36 41 25 25 41 32 61 22 43 42 48 36 60 41 63 78 26 31 40 37 33 22 19 51 59 60 56 72 79 91 87 90 75 92 99 76 76 86 104 83 96 114 100 106 121 93 104 94 107 104 96 105 111 128 104 114 122 118 141 135 127 150 152 152 144 161 153 167 161 185 192 189 186 176 198 200 138 98 91 107 78 102 123 115 115 105 129 99 91 55 70 57 57 62 52 56 87 100 91 62 53 44 34 39 34 62 68 91
63 48 69 85 119 122 117 82 97 145 167 162 151 170 132 80 76 52 31 43 29 55 43 52 58 46 49 26 39 38 54 46 86 51 15 69 24 15 48 53 35 20 28 53 44 63 54 73 92 98 97 93 74 72 74 85 97 108 95 111 115 111 97 97 110 95 93 103 115 112 95 109 110 115 111 108 139 114 139 138 124 148 126 128 144 141 139 168 161 167 191 190 171 179 190 196 170 91 77 77 99 111 123 100 119 118 118 87 90 58 47 45 60 63 75 69 72 95 73 60 44 20 26 33 79 72 99 99
