111 112 112 112 112 111 110 110 110 112 111 114 119 116 103 85 61 45 47 49 50 51 50 50 52 57 61 66 67 71 72 75 76 78 79 78 77 77 77 78 80 79 80 80 79 78 80 80 80 81 80 78 79 79 78 78 77 77 77 76 77 78 77 78 78 78 78 77 77 76 76 75 74 73 72 72 70 67 68 80 94 105 114 114 109 107 104 106 106 105 107 106 106 105 108 110 114 117 121 151 180 190 187 153 84 72 70 68 69 68 67 68 68 68 70 70 71 70 68 68 68 68 67 68 75 118 161 169
112 113 112 113 112 110 111 110 111 111 113 118 120 113 98 75 48 44 47 49 49 50 49 50 53 57 62 65 69 71 72 75 77 77 78 79 78 78 79 80 80 79 80 81 79 78 80 80 81 81 80 80 79 80 78 79 78 78 78 79 79 78 78 80 79 79 78 77 77 77 77 76 74 75 73 72 70 69 64 70 86 99 110 115 110 108 105 105 106 106 107 106 108 106 107 111 114 117 119 125 160 187 192 185 129 74 71 69 69 68 71 68 68 68 69 71 70 70 68 68 68 68 67 68 69 83 137 169
113 113 113 111 111 110 110 110 111 111 116 121 121 113 94 66 44 44 47 49 51 52 51 51 53 58 62 66 70 71 73 75 77 78 78 77 79 77 79 79 79 80 80 80 80 80 81 81 82 82 80 80 79 79 77 77 77 79 78 78 79 79 80 79 80 80 79 79 78 78 77 76 75 74 73 72 71 69 65 64 76 89 103 113 113 110 107 105 106 106 107 108 108 108 109 111 113 115 117 118 134 176 190 194 169 99 73 71 69 70 70 70 69 67 69 70 71 70 69 69 69 69 70 69 68 68 101 156
114 113 113 112 111 110 112 111 112 115 120 123 122 112 89 64 46 45 47 49 51 52 54 54 55 58 62 66 69 72 74 76 77 78 79 79 79 79 79 82 80 81 81 81 81 81 81 80 82 82 81 80 80 80 78 78 77 78 78 79 79 80 79 79 80 79 80 80 77 76 77 77 76 74 74 73 73 70 66 61 67 81 94 106 114 110 107 106 106 108 109 110 109 110 111 112 112 114 115 116 117 156 186 194 191 145 82 73 72 71 71 71 70 69 69 69 71 71 70 70 69 70 69 70 67 68 75 120
114 114 113 112 112 112 111 112 112 120 123 124 122 110 86 65 46 45 48 51 52 53 54 55 56 57 62 66 71 72 73 75 78 78 80 81 80 80 80 82 81 82 82 82 82 82 82 81 82 82 81 81 80 80 78 78 77 78 78 78 80 80 80 79 80 79 80 79 77 77 76 77 77 75 76 73 72 70 67 63 62 71 86 98 109 112 108 107 107 110 110 112 113 112 114 112 112 110 113 113 115 127 171 191 195 181 119 76 74 72 71 71 71 70 68 70 71 71 71 70 70 70 69 70 69 67 65 42
115 114 114 113 113 114 113 113 117 123 124 124 121 108 85 65 48 46 49 52 54 54 54 55 56 58 62 67 71 73 74 76 78 79 80 80 79 80 81 82 81 82 82 82 82 81 83 82 83 82 82 81 80 80 79 79 78 78 79 79 78 80 79 79 80 80 80 80 78 78 77 78 76 76 75 74 74 71 67 64 62 64 77 90 101 112 112 110 112 115 114 114 115 114 114 114 112 111 111 114 114 113 145 181 194 195 163 97 76 74 73 72 72 70 70 69 69 70 71 70 72 71 71 69 72 59 26 3
115 115 114 114 114 114 113 116 121 124 124 123 117 104 85 64 47 46 49 54 56 56 56 55 57 59 62 67 71 73 75 78 79 79 79 81 82 81 81 81 82 82 83 82 83 82 82 82 82 82 80 81 81 80 81 79 78 79 79 79 80 81 80 81 80 82 80 80 79 79 79 78 78 76 76 76 73 72 68 64 64 61 70 84 99 109 116 115 114 116 118 117 116 116 114 114 112 112 109 111 111 113 118 163 191 199 192 142 82 76 74 72 71 72 70 69 70 70 71 71 72 72 72 70 55 20 2 2
115 115 114 114 115 114 114 118 123 124 122 119 115 103 86 63 48 46 51 54 55 56 55 56 55 59 63 67 71 72 73 77 78 80 80 81 82 81 81 81 81 83 82 83 83 83 82 82 81 81 80 79 81 80 81 79 78 77 77 78 81 81 81 81 81 82 83 81 80 79 80 78 78 79 76 76 74 72 70 67 64 62 65 78 94 108 114 117 117 116 119 119 118 116 115 114 113 112 112 112 111 112 113 132 179 198 201 181 114 80 75 74 73 73 72 71 70 70 71 73 73 74 72 52 13 2 1 1
115 114 114 115 115 115 116 122 124 123 120 117 114 105 86 65 47 47 52 55 56 56 55 55 56 59 63 67 70 72 74 78 79 79 79 82 79 81 81 80 82 82 82 83 82 82 81 81 82 80 80 80 76 78 78 79 78 78 78 78 80 79 80 81 81 82 82 81 81 81 80 78 78 77 77 77 76 73 70 66 65 63 65 74 91 105 113 116 118 116 117 118 118 117 115 115 113 112 112 111 110 111 111 114 154 191 202 203 163 94 80 77 76 75 74 72 70 71 71 72 75 74 51 10 1 1 2 2
114 115 116 117 117 116 121 124 125 122 118 114 115 107 87 64 47 47 50 54 56 56 55 53 56 58 63 68 71 73 74 76 78 78 80 80 80 80 80 80 81 82 82 82 82 81 82 80 81 81 78 76 76 76 77 77 77 77 77 77 77 79 80 81 80 81 81 82 81 80 78 78 78 78 77 76 75 73 72 68 65 64 65 73 86 102 111 114 116 117 116 117 116 117 115 115 115 114 113 114 112 110 112 111 122 173 198 208 196 137 84 79 75 76 74 72 71 71 70 72 72 46 9 3 1 3 3 3
116 116 118 118 117 121 125 127 126 121 116 114 115 107 88 65 47 47 51 53 55 56 55 55 56 58 61 67 70 72 73 76 78 79 79 79 79 80 80 80 80 81 82 81 80 80 80 80 80 79 77 75 74 72 75 77 77 76 77 77 77 78 79 79 80 80 79 80 79 79 79 78 77 77 77 76 75 73 70 68 66 65 66 73 85 98 108 112 115 114 115 116 117 117 116 115 116 115 115 115 113 111 111 110 109 143 188 206 210 184 110 81 78 75 74 72 71 70 71 69 43 6 2 2 2 3 4 4
117 118 118 119 121 125 125 124 124 120 115 114 115 105 87 65 47 47 49 54 55 54 53 54 54 57 61 66 70 72 73 74 76 76 78 79 78 78 78 79 79 79 81 80 79 79 79 79 78 77 76 75 73 72 74 76 76 75 75 75 77 79 79 79 79 79 80 79 80 79 78 78 77 77 77 77 74 74 70 68 66 65 66 73 84 95 104 108 112 114 115 115 115 114 116 115 116 117 114 114 113 110 110 109 108 114 167 200 211 209 162 89 78 74 72 72 71 71 68 40 5 2 2 3 4 3 3 3
119 119 119 120 125 125 123 122 121 118 115 116 115 104 87 64 47 45 48 54 55 53 52 52 53 57 62 65 69 71 72 73 74 76 76 78 77 77 78 78 79 79 79 79 80 80 79 79 79 79 76 76 75 75 76 76 75 75 75 76 77 79 79 79 79 78 79 80 79 79 77 78 78 77 76 77 74 73 71 68 66 65 67 74 82 93 99 106 108 113 113 113 114 113 114 114 114 115 114 114 111 109 107 105 105 106 132 186 210 214 196 128 80 74 70 68 70 69 39 5 1 2 3 4 4 3 2 2
119 120 120 124 128 120 117 117 116 119 117 115 115 105 86 64 47 46 49 52 56 55 56 54 55 58 61 66 70 71 71 73 74 75 77 76 76 79 79 78 78 78 80 79 80 80 81 79 81 78 79 78 78 79 82 93 97 95 90 82 75 79 80 79 79 80 80 79 78 79 78 78 78 78 76 78 74 73 71 68 66 65 66 72 82 91 97 99 106 108 111 112 110 112 113 115 114 113 113 111 109 105 103 102 102 104 109 158 199 211 211 173 94 76 70 67 65 38 5 2 2 3 4 4 3 2 2 1
121 120 121 128 124 114 110 109 114 120 118 117 116 106 87 64 47 46 48 52 56 57 54 56 56 59 64 66 70 71 74 74 75 77 76 79 79 79 80 80 79 79 78 79 80 80 81 80 81 88 89 99 103 109 120 129 134 134 143 148 139 124 100 78 77 78 79 80 79 79 79 77 78 76 76 76 74 72 71 68 66 65 64 72 81 92 95 97 101 105 109 111 110 111 112 113 114 111 110 108 105 102 102 100 101 102 106 122 177 205 211 203 145 81 75 69 36 5 2 2 3 4 3 3 3 1 1 3
120 120 125 125 116 105 99 99 113 121 119 118 117 107 89 65 46 46 48 53 56 56 55 57 57 59 63 67 69 72 72 75 76 76 78 78 79 79 80 81 80 79 79 81 81 80 80 89 97 105 100 103 110 124 124 131 141 140 137 131 141 144 156 152 131 93 78 78 80 79 78 77 77 77 76 76 74 72 69 67 65 63 65 72 82 91 96 95 99 101 106 109 110 109 110 109 107 107 106 104 102 100 99 97 100 101 102 105 141 189 211 215 193 116 79 44 6 2 2 3 3 3 3 3 2 2 3 2
120 122 128 121 108 93 85 97 113 121 120 120 118 107 89 66 45 44 46 49 52 54 54 55 57 59 62 68 69 72 73 75 75 76 77 78 79 80 80 81 80 78 80 86 90 84 86 99 99 102 102 107 109 113 120 124 127 143 134 140 146 146 151 161 162 164 131 81 79 79 78 78 76 77 75 75 74 72 70 67 65 63 64 72 82 94 97 96 97 101 102 106 108 107 105 105 104 103 103 103 101 100 97 98 97 100 102 102 108 164 201 211 211 171 65 11 3 3 3 4 4 3 3 1 2 3 3 2
121 127 126 111 96 75 76 97 114 123 121 119 117 108 89 65 43 41 44 47 48 49 52 52 56 58 63 66 70 70 72 73 75 77 77 77 78 78 79 77 82 103 101 90 82 77 81 89 88 88 98 102 109 113 119 126 129 130 144 143 147 156 153 160 163 163 165 160 105 75 78 76 77 77 75 75 73 72 70 66 65 62 64 73 83 95 99 99 97 98 100 101 104 106 103 100 99 100 102 101 101 99 98 97 97 97 101 102 103 123 180 209 217 175 25 4 3 3 3 4 4 4 1 2 3 2 4 5
125 128 117 103 80 61 73 96 114 123 121 120 117 108 88 64 41 41 42 46 47 49 49 52 54 57 60 64 68 71 71 73 74 74 75 76 77 77 76 114 70 77 76 75 76 77 82 87 87 87 92 97 104 107 116 116 131 136 140 155 154 152 158 156 162 163 168 164 164 135 82 76 76 76 75 74 72 71 69 66 64 64 64 73 85 97 104 103 99 97 96 96 98 103 104 98 97 99 102 102 100 99 97 98 97 98 99 100 102 103 137 195 177 63 7 4 3 5 5 4 3 1 2 4 3 3 5 8
129 122 108 88 63 51 73 96 115 122 121 121 117 106 88 65 41 40 43 45 48 49 49 50 53 57 59 63 68 69 71 72 73 74 75 76 77 77 80 82 69 73 75 76 78 74 84 89 84 87 93 91 98 101 111 120 129 143 143 145 155 148 161 163 164 168 169 174 165 168 166 105 76 77 75 74 73 71 68 66 64 62 64 72 87 100 108 107 103 99 92 90 90 93 103 101 99 99 102 101 100 98 98 98 100 98 98 100 100 102 107 138 58 5 4 3 4 5 3 5 3 3 4 3 3 6 13 4
125 115 97 72 49 52 72 95 115 124 122 120 118 105 87 63 41 40 43 46 48 48 50 51 52 55 60 64 67 70 71 71 73 74 74 76 77 74 103 71 73 69 70 74 79 78 84 81 89 92 90 94 98 102 107 114 125 126 142 150 153 163 163 169 167 174 171 171 168 172 165 170 130 92 73 74 72 70 67 65 64 62 64 72 87 103 111 113 107 101 89 81 78 82 96 102 100 100 103 103 98 98 97 98 99 99 99 99 99 100 95 42 4 4 3 4 5 5 4 3 3 5 3 3 7 18 11 15
119 105 82 56 47 50 72 95 116 124 124 122 117 106 87 63 42 42 43 47 49 50 49 52 54 56 60 64 67 70 70 72 74 74 75 77 77 89 77 69 66 68 74 73 75 81 78 86 84 87 92 93 96 96 109 109 120 134 143 156 160 158 159 165 169 174 172 162 170 178 202 212 217 227 136 71 71 69 67 65 62 61 63 71 88 105 112 113 109 102 90 72 66 70 84 98 101 100 101 103 98 98 98 98 97 98 98 98 98 97 56 5 3 3 5 6 5 5 2 3 6 3 4 6 17 16 14 62
110 91 65 47 48 52 72 95 115 125 124 122 117 106 86 63 43 41 45 48 50 51 52 52 54 56 60 65 67 70 71 73 74 75 75 77 76 79 68 68 69 71 73 74 77 77 78 79 82 89 88 93 92 101 97 112 120 132 148 155 159 163 164 164 164 150 173 194 208 201 205 198 205 212 213 92 72 70 68 64 63 63 63 72 89 105 112 112 108 103 90 69 51 53 72 88 99 98 99 102 98 98 98 98 98 97 98 99 98 70 10 3 3 4 6 5 5 3 3 6 4 3 7 15 26 24 55 100
99 74 50 48 48 52 72 95 115 125 124 121 118 105 86 63 42 41 45 48 49 52 53 53 54 56 60 64 68 70 72 73 74 74 76 77 78 67 67 69 71 71 76 75 76 74 76 84 87 92 94 96 96 99 100 112 120 135 145 149 156 165 156 142 174 208 206 192 198 202 196 200 191 201 211 194 75 71 66 63 63 62 63 73 88 103 112 112 108 103 90 70 41 37 58 77 93 99 98 99 98 98 96 97 97 97 97 96 85 24 3 3 4 6 5 6 4 3 6 4 4 6 12 23 28 55 94 100
85 58 46 48 47 50 71 94 114 123 123 122 117 106 85 62 43 42 46 48 50 53 53 52 55 56 61 65 67 71 72 73 75 76 75 79 67 66 68 69 69 74 73 75 69 76 81 83 87 94 95 98 102 102 109 108 117 128 144 149 153 130 160 194 200 192 196 198 198 199 195 193 196 205 206 217 173 68 68 66 64 63 64 74 88 103 112 111 108 104 91 70 41 25 42 63 83 98 98 97 97 97 97 96 97 97 96 90 40 3 3 4 6 6 7 5 3 7 6 3 6 10 21 32 54 88 104 96
68 48 48 47 47 51 70 93 114 122 123 122 117 106 85 61 43 42 45 47 49 51 52 53 55 57 60 65 68 70 72 73 74 75 77 71 67 68 68 69 72 73 70 68 74 79 86 87 91 95 101 105 108 97 101 107 117 128 141 128 137 187 193 185 190 200 196 187 183 190 196 208 199 197 196 205 211 139 63 66 65 63 64 74 90 105 113 111 108 103 92 71 42 17 28 50 72 90 98 98 96 96 97 96 97 96 95 61 7 3 3 6 6 5 5 3 6 11 3 6 9 17 30 55 89 99 100 105
53 47 47 48 47 49 70 91 113 122 123 120 118 107 85 63 43 42 45 47 50 51 52 53 54 57 60 64 67 70 72 74 74 76 78 69 68 68 67 69 73 71 75 76 77 85 85 88 95 94 97 99 100 101 101 108 118 132 112 156 178 188 183 198 183 186 180 182 193 187 188 190 191 202 202 199 205 216 201 85 66 64 65 74 90 105 113 112 108 102 91 71 41 17 17 37 60 79 95 100 98 96 97 97 97 97 79 18 3 3 5 7 6 5 4 5 12 4 5 8 14 25 50 87 98 103 104 120
47 47 47 47 48 50 69 92 112 121 122 121 117 107 84 63 43 41 45 47 49 51 52 51 54 57 61 65 69 70 73 74 74 86 70 65 68 70 69 71 71 72 74 77 89 85 90 98 98 99 97 97 95 97 102 107 105 119 165 177 176 179 174 171 180 181 181 182 196 194 201 197 200 194 199 199 202 197 199 210 76 64 65 74 88 104 111 112 107 102 91 71 42 18 14 25 44 70 88 98 99 96 96 97 97 92 39 3 3 4 8 8 6 5 3 7 5 4 11 12 19 43 86 97 98 103 120 121
46 47 47 47 48 50 70 92 112 120 120 119 116 107 86 63 43 41 44 47 49 51 53 52 54 57 61 65 69 71 73 74 91 101 66 66 66 69 70 70 71 72 77 79 86 92 97 97 94 96 98 98 93 92 97 102 146 154 164 178 168 171 173 172 164 179 193 192 187 202 191 197 199 198 199 195 192 203 209 205 167 67 66 74 89 104 112 112 107 101 90 71 43 21 16 16 33 56 78 93 98 95 97 97 98 62 8 3 4 8 8 6 5 3 5 5 4 12 13 13 36 82 101 95 100 117 120 121
47 47 47 46 48 49 67 92 110 119 122 119 117 106 86 62 42 41 43 47 49 51 51 52 55 57 62 65 68 71 72 71 135 83 68 65 67 67 69 72 75 77 80 83 86 98 95 91 96 97 97 90 91 81 113 146 156 174 155 158 173 161 162 178 182 178 185 196 197 190 195 195 187 187 194 204 194 203 205 211 222 133 67 75 90 104 110 111 108 104 91 72 46 24 18 18 23 43 67 131 170 159 120 121 81 21 3 3 6 11 6 5 4 5 6 4 9 16 11 25 75 100 95 97 116 120 120 120
45 46 44 46 47 48 67 91 110 119 121 119 116 107 86 63 42 40 44 47 49 50 49 50 52 56 60 64 68 71 73 82 157 75 68 65 66 70 70 70 74 76 83 87 92 90 98 91 92 97 85 87 85 128 141 168 153 146 167 155 148 165 168 176 179 184 181 182 192 187 183 189 197 191 193 198 202 198 199 205 217 205 64 77 92 105 111 112 111 105 93 74 48 26 22 20 20 64 189 190 168 182 199 191 86 7 3 5 10 7 7 5 4 5 4 8 16 12 24 66 99 99 98 114 121 119 120 120
44 45 45 47 48 48 67 90 111 120 122 119 118 108 86 61 40 39 41 45 48 49 51 51 53 56 59 64 68 71 73 130 133 77 67 67 69 68 71 73 76 77 83 89 88 87 85 96 91 86 80 96 135 147 145 152 146 149 141 160 162 163 168 174 177 175 177 175 171 179 192 190 194 191 191 193 195 197 189 193 204 220 123 77 93 105 113 114 111 107 94 74 49 29 26 23 110 212 163 179 211 218 209 212 176 2 4 8 11 7 6 3 6 5 6 16 15 19 50 98 100 96 112 120 120 120 119 119
45 46 48 48 50 51 67 90 110 121 123 122 118 107 85 61 41 39 43 47 51 52 55 56 57 59 63 66 70 73 71 162 123 74 65 66 67 73 68 74 74 84 84 79 77 80 92 89 86 76 106 134 150 139 132 140 145 149 158 145 166 171 166 166 167 176 160 174 178 185 178 191 181 187 184 187 197 194 201 196 192 208 210 83 95 108 116 117 113 108 95 74 52 33 35 163 199 144 196 209 197 197 184 193 215 16 10 9 9 6 5 6 5 5 12 18 18 38 90 102 98 110 120 119 120 120 121 119
46 47 48 50 53 55 69 91 112 123 124 124 121 109 87 63 42 41 44 48 50 55 57 58 59 61 66 68 72 75 78 173 121 69 67 66 67 62 71 74 84 79 77 78 86 85 85 87 76 110 130 143 132 129 143 136 158 146 149 161 160 163 165 161 155 158 171 181 180 176 178 172 186 182 192 191 184 182 191 191 193 195 202 170 92 112 117 118 116 109 96 75 49 80 201 179 152 205 201 194 179 182 184 195 213 29 18 11 8 5 5 7 4 8 18 16 26 74 106 99 108 118 120 120 120 121 120 120
48 49 52 55 57 58 70 92 112 122 124 125 123 112 90 65 44 43 47 49 56 57 58 59 61 62 66 70 73 77 99 174 106 72 66 65 61 72 74 76 78 75 78 80 90 86 85 72 113 120 131 115 138 128 135 148 147 157 149 153 154 153 155 140 155 168 159 171 175 175 177 180 176 189 145 166 185 183 187 187 188 184 191 202 191 112 120 120 117 110 95 82 163 198 160 175 205 196 188 182 181 182 194 197 200 26 18 11 7 5 6 6 8 18 17 10 52 102 104 103 117 121 120 119 119 119 119 119
51 53 53 55 57 59 73 92 112 121 126 125 124 115 93 67 46 43 46 50 56 59 57 59 59 62 66 70 73 78 126 161 92 76 64 66 69 67 66 72 73 80 84 84 77 80 76 113 119 117 107 127 113 141 140 147 146 146 149 144 155 148 134 162 153 159 165 160 165 170 175 183 183 143 159 168 180 185 185 183 179 176 175 182 188 158 120 121 116 110 155 199 175 164 191 201 192 183 182 180 184 191 194 193 178 17 17 10 6 6 6 5 13 19 17 34 90 108 103 115 120 119 118 119 119 118 119 118
52 54 53 55 58 62 74 95 112 123 127 131 126 116 93 68 46 44 47 50 54 55 57 57 59 61 64 68 73 74 146 142 100 78 68 67 62 61 68 69 72 80 76 76 79 83 107 113 113 109 116 109 131 126 148 140 136 134 148 156 128 143 150 145 158 151 151 154 151 170 161 162 146 168 162 158 167 170 172 168 167 173 163 167 166 178 117 118 140 188 179 161 177 200 192 184 181 182 185 184 185 190 195 194 145 18 17 11 6 5 4 8 18 24 35 71 104 105 111 120 120 119 120 119 120 119 118 119
53 54 54 56 58 62 74 95 114 125 129 132 129 119 96 67 47 44 47 49 54 55 57 58 57 59 63 68 72 72 174 144 103 83 69 66 66 66 68 70 76 75 82 83 81 107 113 104 108 105 109 123 124 135 124 135 141 139 135 125 143 144 151 148 146 147 150 153 166 155 143 156 162 150 161 170 170 164 165 155 162 158 162 157 158 166 154 179 181 164 173 190 194 189 182 181 183 187 184 179 172 190 194 194 111 20 20 8 7 5 5 15 21 31 54 99 107 108 118 123 121 121 119 119 119 118 118 118
52 53 53 56 59 63 75 95 116 128 132 133 130 119 95 69 47 45 48 50 52 57 56 55 58 59 64 68 72 75 197 148 112 87 78 69 64 69 72 74 76 79 82 76 105 105 101 111 95 106 112 116 125 118 131 139 139 134 126 142 139 145 141 145 146 140 143 154 149 155 153 153 155 164 160 163 158 150 145 155 155 150 151 138 150 176 171 163 176 186 197 181 182 182 179 179 184 185 184 154 171 182 186 190 59 23 13 5 6 6 10 22 23 41 87 109 105 115 122 123 122 121 120 121 119 119 120 119
53 53 54 55 58 62 73 98 117 128 133 132 129 119 95 68 47 45 48 50 53 57 57 55 58 60 65 69 73 85 192 145 112 104 89 78 68 67 68 69 77 76 78 99 106 98 108 89 106 114 118 110 107 122 134 138 121 130 146 136 133 144 146 141 139 143 136 138 149 147 148 157 148 158 162 150 147 152 143 141 151 139 130 165 175 156 170 187 194 191 182 178 185 182 181 183 185 185 151 128 149 165 172 166 19 18 8 7 5 7 18 21 23 63 106 106 110 120 123 123 123 123 122 121 121 120 122 120
53 52 51 54 58 63 74 98 119 130 133 131 127 118 95 68 47 44 48 51 54 56 56 57 59 61 64 69 74 84 188 143 129 110 101 84 73 61 68 75 73 78 102 97 96 107 79 104 112 113 110 113 119 107 124 112 135 138 128 134 134 130 140 129 133 129 135 128 129 140 144 145 155 144 147 143 136 150 147 132 128 150 173 161 166 181 187 183 173 170 176 179 183 180 181 184 185 170 122 127 129 120 147 99 19 11 8 6 5 14 18 28 48 95 109 106 118 122 122 122 122 123 121 122 121 122 121 121
52 50 51 53 58 62 73 99 118 129 131 130 126 118 96 69 48 45 48 51 54 54 56 57 58 60 64 68 73 92 179 143 128 118 103 95 70 64 69 69 80 100 93 95 99 80 98 101 112 104 109 110 117 119 105 128 123 123 134 129 130 128 123 132 129 124 126 130 132 134 140 132 137 144 133 137 131 134 132 140 166 155 161 172 189 181 175 166 172 171 179 182 183 184 184 189 187 128 128 126 101 125 166 33 14 8 7 6 9 20 19 38 80 110 106 112 120 122 122 121 121 121 121 121 121 121 122 120
52 50 52 54 57 61 74 98 118 128 133 128 127 119 97 69 47 45 48 52 54 55 55 57 58 61 63 67 73 111 169 149 129 120 103 100 83 71 68 80 99 96 92 93 82 99 102 106 100 100 99 114 108 107 125 117 118 120 116 116 116 127 131 118 116 129 128 129 127 129 131 129 126 123 130 124 127 124 154 156 151 171 178 175 162 166 168 174 175 181 186 186 183 184 189 189 155 123 121 115 114 121 149 11 12 10 7 6 15 18 24 53 104 106 108 120 121 121 120 121 121 121 120 120 120 121 119 120
51 52 52 54 58 64 76 99 118 127 131 131 128 119 99 71 48 45 48 52 53 55 55 57 58 60 64 68 72 126 177 162 145 129 111 111 92 72 78 98 86 90 92 83 97 96 104 99 91 90 111 106 100 121 117 109 100 105 111 101 91 87 82 125 124 121 121 122 123 122 121 126 125 124 117 119 142 159 142 167 174 177 164 161 166 169 175 176 181 185 186 186 185 187 190 186 121 118 100 79 89 167 77 14 11 11 6 9 20 19 35 83 111 102 116 121 121 121 121 121 119 120 119 120 118 120 119 118
53 52 52 56 60 66 77 100 119 130 134 133 130 121 99 71 48 45 48 52 54 56 56 57 59 60 64 68 72 128 187 169 144 132 125 119 106 77 85 86 87 91 78 93 102 97 98 84 92 102 97 98 110 102 69 84 81 66 60 72 102 116 83 82 92 104 113 107 92 106 104 78 79 114 112 152 144 146 179 177 168 169 168 170 171 176 179 181 183 187 186 187 184 188 193 135 108 73 65 77 139 177 17 14 10 8 6 15 20 24 55 103 107 110 121 121 122 122 121 120 120 119 119 118 119 119 117 118
53 54 53 58 60 67 80 103 120 132 134 134 133 121 101 72 47 45 48 51 54 56 58 59 61 61 65 67 72 124 191 175 158 139 116 114 115 81 83 80 87 77 90 97 96 92 82 89 93 93 94 100 102 81 94 80 62 51 46 35 97 110 81 71 61 37 45 46 49 35 25 39 19 111 147 125 151 175 171 167 172 173 169 169 175 177 180 182 183 188 182 184 184 163 111 81 64 67 74 121 174 65 16 11 10 6 8 20 15 30 84 107 105 117 122 123 122 122 121 121 120 119 119 118 118 118 118 117
55 55 54 57 62 68 80 103 121 132 135 134 132 122 101 73 48 44 47 51 55 57 58 60 59 61 64 67 73 95 199 176 178 137 102 100 90 78 78 83 72 87 94 93 93 84 91 90 90 87 98 95 69 88 71 63 64 64 56 39 49 62 45 23 19 36 24 22 5 1 16 17 97 130 124 176 179 170 167 166 170 170 167 171 173 174 174 181 183 180 182 140 93 70 69 67 67 84 123 151 106 13 13 12 8 5 14 19 13 51 102 105 111 124 123 123 124 122 122 121 120 119 119 119 119 117 118 116
58 57 57 57 64 68 81 104 119 131 133 133 131 122 103 73 47 44 47 52 55 58 59 59 59 60 64 67 71 73 198 185 178 143 100 101 103 84 82 73 84 95 93 87 81 88 91 89 84 94 89 70 82 78 59 64 46 31 19 23 29 45 42 39 41 30 13 21 4 9 10 124 108 142 159 158 168 168 165 164 164 166 166 169 171 170 174 171 177 151 79 71 68 66 72 85 107 135 155 48 14 15 10 8 7 9 22 16 23 80 106 106 119 125 124 123 123 124 122 122 121 120 120 118 118 117 117 116
59 60 59 59 62 68 79 104 119 130 133 132 130 122 102 74 48 45 47 52 54 57 58 59 59 61 62 67 72 72 171 182 175 147 109 108 109 96 73 77 93 94 87 80 85 89 86 82 96 89 72 75 78 55 30 27 24 13 11 19 43 37 17 27 32 30 12 26 1 31 137 100 143 163 148 151 161 161 160 158 159 163 164 167 169 167 170 144 89 88 82 71 80 100 118 122 128 148 59 14 14 9 10 7 6 14 21 15 47 101 106 111 125 126 125 125 124 124 122 122 121 120 119 119 118 119 118 116
61 61 60 59 63 67 79 102 120 131 132 134 132 123 103 74 48 44 47 52 55 57 57 58 58 60 63 67 70 76 123 189 171 164 133 110 106 83 80 95 92 85 76 84 89 83 74 83 86 88 78 67 36 20 27 11 2 3 3 37 40 10 14 41 22 15 1 41 61 129 102 163 163 152 150 153 152 151 153 153 158 160 160 165 163 153 81 67 72 82 109 123 128 127 126 127 153 53 12 13 11 8 10 7 8 19 16 24 77 105 105 121 125 127 128 126 125 125 123 122 122 120 120 119 119 119 118 117
61 61 60 59 63 66 78 102 120 132 134 135 133 123 103 73 48 44 48 50 55 56 57 58 58 59 62 68 71 75 85 200 179 171 141 132 103 79 91 95 90 75 83 84 79 79 88 84 63 59 61 24 16 23 7 4 8 1 13 24 10 15 39 40 17 33 1 101 111 107 165 166 156 148 150 149 147 144 142 154 158 156 158 155 107 47 65 80 73 75 105 118 129 132 135 147 52 5 12 9 8 8 9 5 10 20 15 41 91 102 110 125 128 128 129 127 126 125 125 124 123 121 121 120 120 118 118 117
61 60 61 60 61 65 76 100 120 134 135 135 134 124 104 75 46 43 48 51 54 56 57 57 58 60 63 67 71 75 78 138 199 172 136 147 89 95 93 85 74 85 85 80 77 83 77 68 45 34 25 22 21 7 2 27 1 1 19 7 8 19 13 27 21 46 56 86 119 166 169 162 157 151 148 149 139 141 146 152 159 153 145 122 69 64 61 56 80 74 87 110 126 139 121 13 3 7 10 8 10 11 6 6 14 18 25 60 90 94 120 126 128 127 128 128 127 126 126 124 123 122 121 121 120 119 118 116
62 61 61 61 61 64 75 99 119 133 136 136 134 124 106 75 47 44 47 50 53 56 57 57 58 59 63 68 71 74 79 77 186 165 164 143 101 88 90 82 82 85 86 78 72 69 74 61 45 37 25 29 3 2 8 27 0 6 12 7 15 15 13 26 44 74 72 104 160 160 164 155 150 147 149 142 141 150 154 152 149 149 154 137 96 61 71 63 67 82 80 111 132 76 8 4 4 9 9 7 10 9 5 8 20 19 36 77 88 98 127 131 128 127 128 128 128 127 127 125 124 123 123 121 119 119 118 117
62 62 61 61 61 61 73 97 119 133 136 136 135 125 105 75 48 43 47 50 54 57 57 58 58 60 64 66 72 75 77 81 121 201 166 148 103 87 75 76 85 77 70 80 80 74 57 29 25 30 29 20 6 3 10 14 4 8 1 2 7 12 20 27 42 59 89 126 149 145 153 142 136 142 142 146 144 142 150 158 157 157 156 154 128 70 44 58 39 69 81 93 66 16 2 3 5 8 10 10 9 6 5 16 18 25 55 88 85 109 127 129 131 128 126 128 127 126 127 125 124 124 123 122 121 120 119 117
62 61 60 60 61 61 70 96 117 132 136 136 136 125 106 77 48 44 47 50 55 57 57 58 59 59 64 68 72 74 77 81 117 203 185 144 89 88 77 81 73 79 87 82 68 53 45 27 12 4 17 15 17 5 13 19 23 1 1 1 1 1 14 66 56 95 126 144 148 155 144 132 137 146 145 135 139 150 159 165 159 158 160 155 132 83 49 21 47 43 76 89 62 14 3 4 8 9 10 10 9 6 6 19 16 32 79 91 92 117 125 128 128 129 126 126 126 126 126 126 125 123 123 122 122 120 120 118
61 61 61 60 60 60 70 95 117 132 135 136 135 125 106 77 49 43 47 53 57 58 57 59 59 61 64 68 73 74 76 80 107 201 190 96 83 80 81 74 77 82 81 68 55 19 13 19 3 2 5 14 16 6 12 3 40 17 9 1 2 11 90 65 129 98 149 150 161 153 133 129 137 152 132 134 147 157 161 167 166 165 166 164 145 94 52 25 25 32 80 93 42 10 3 5 9 11 10 11 7 5 10 19 19 51 94 90 107 116 116 122 127 128 128 125 125 124 125 125 123 123 123 121 122 121 119 117
60 60 59 60 60 61 70 95 117 131 136 136 135 126 107 77 50 45 47 51 57 57 59 59 59 60 65 67 78 76 78 80 82 194 169 85 81 76 72 82 76 67 55 48 38 11 27 2 3 3 1 9 8 8 14 3 25 11 7 1 8 106 84 141 129 107 137 145 151 145 136 132 149 125 129 141 151 161 165 171 167 172 178 177 160 114 60 23 13 33 59 98 38 16 7 8 8 9 13 11 5 6 17 13 27 75 97 97 119 117 116 115 116 120 121 123 123 124 125 124 123 122 121 121 121 120 119 117
61 60 60 60 59 60 70 94 118 132 136 137 135 127 106 78 50 44 49 52 56 58 59 60 61 62 64 89 81 75 78 82 83 152 157 87 85 74 79 81 81 55 41 23 19 6 23 0 12 4 0 4 4 4 23 27 2 31 1 5 100 87 139 143 137 119 142 151 160 138 137 132 116 126 134 148 154 161 166 170 170 178 180 180 166 131 69 34 6 23 39 97 45 12 3 8 11 9 13 10 5 8 20 13 38 93 95 111 124 120 117 117 117 115 115 117 117 118 121 123 124 122 121 119 119 119 117 116
60 59 61 60 60 60 71 94 117 133 136 137 137 127 107 77 51 46 49 54 57 59 59 61 62 63 67 73 72 77 78 82 84 86 183 87 76 85 81 78 68 51 18 13 4 1 17 7 2 5 3 1 8 0 25 20 16 62 1 91 85 134 138 156 152 122 132 161 147 131 126 116 124 133 137 147 158 164 166 173 173 177 181 184 177 142 79 43 9 9 28 99 58 9 6 10 9 11 13 7 5 14 18 20 68 99 98 120 127 126 124 120 119 117 117 116 113 112 112 114 117 118 118 119 117 117 117 116
60 59 60 60 59 59 70 96 118 132 137 136 136 127 107 78 51 45 49 54 57 59 61 61 61 64 68 74 72 74 77 79 80 89 105 83 83 87 79 72 46 17 5 22 4 2 9 6 13 3 5 5 12 2 4 18 1 34 77 86 125 127 136 153 157 124 137 151 126 119 116 124 132 135 140 145 156 163 168 169 173 174 180 181 179 152 94 49 15 4 28 77 65 19 4 11 13 11 11 5 6 18 14 35 87 97 106 124 127 126 126 126 127 124 122 120 117 114 110 112 111 110 110 112 115 117 116 116
60 60 59 59 59 60 69 93 117 132 137 138 137 129 108 79 53 46 50 55 59 59 61 61 62 64 68 71 75 78 79 80 83 95 88 100 82 78 69 64 19 24 0 23 9 4 5 21 10 2 4 14 1 15 8 24 4 47 70 117 128 130 127 157 154 148 146 124 115 123 123 128 135 139 141 141 151 159 163 165 168 169 173 177 176 160 106 51 19 4 24 63 83 21 15 11 11 12 9 5 11 18 19 55 96 95 116 125 127 126 125 125 127 129 128 123 120 118 114 112 111 108 106 106 108 110 111 113
59 59 58 60 60 60 69 93 116 132 138 137 138 128 108 79 52 46 50 53 58 60 60 62 62 64 67 71 75 77 80 101 117 73 57 82 80 78 67 35 18 19 1 26 1 4 12 6 2 1 3 8 2 23 21 16 28 93 110 135 144 133 126 157 160 145 82 62 75 88 103 121 136 142 139 139 142 152 158 158 160 163 163 168 165 137 89 35 9 4 21 48 94 27 17 9 11 15 8 6 13 18 29 75 96 99 122 124 125 124 125 124 126 125 126 125 121 120 119 117 115 113 110 110 107 108 105 104
59 58 60 59 60 60 68 92 116 132 138 139 138 129 109 80 52 47 48 54 58 60 61 61 61 63 68 71 74 78 82 113 80 40 29 73 124 56 41 16 35 1 12 32 1 1 4 3 2 4 2 19 14 17 13 6 101 93 137 144 162 122 140 160 138 86 100 96 81 56 47 57 84 122 133 134 137 146 154 151 153 152 149 135 98 64 49 33 15 6 16 34 100 31 17 16 15 12 5 7 20 23 39 90 93 109 124 124 124 123 123 123 122 123 123 124 121 119 118 120 118 119 116 114 109 108 105 100
60 59 59 60 59 59 68 91 116 133 138 139 138 129 110 81 53 46 48 55 58 61 61 61 61 64 67 72 75 86 110 98 103 50 28 68 68 43 24 26 14 10 20 28 0 6 3 4 17 2 4 1 24 15 6 76 93 144 138 164 146 128 162 114 72 80 85 63 104 75 58 56 53 67 109 120 127 140 153 149 145 131 94 66 64 59 64 45 25 10 12 33 98 41 13 15 16 10 7 13 19 26 58 95 96 118 123 123 124 122 122 121 121 121 122 122 121 120 118 119 119 118 119 116 114 112 106 99
59 59 60 59 59 58 66 92 116 133 139 139 138 129 110 83 53 46 49 55 59 61 61 62 62 64 68 78 100 105 114 110 119 108 92 39 22 7 19 35 16 25 4 7 11 11 1 1 23 3 3 7 4 15 35 90 137 135 154 166 137 151 87 51 43 32 26 12 27 17 45 66 76 75 89 109 116 138 150 152 140 100 62 37 19 17 13 20 20 4 10 34 100 48 13 19 16 7 9 15 19 26 79 98 103 122 123 123 122 121 121 121 121 120 120 121 120 119 118 118 117 118 117 114 113 109 108 104
57 55 55 55 54 52 63 89 115 134 139 139 138 128 108 81 52 45 48 52 58 60 59 59 61 62 80 143 146 108 108 107 91 43 43 4 24 31 38 23 21 39 2 9 7 17 2 2 3 34 14 7 11 8 97 114 134 141 163 153 148 77 38 21 8 5 4 13 57 25 12 34 75 76 86 98 113 134 156 156 98 27 5 10 34 2 8 8 5 7 10 30 104 44 20 20 13 5 9 17 17 35 94 98 113 121 122 121 121 120 120 120 121 119 120 118 119 118 118 117 116 115 114 111 109 106 105 104
55 53 52 51 49 48 60 89 116 135 139 140 139 129 110 81 52 47 53 57 59 59 59 60 59 63 91 153 114 105 110 79 84 37 4 21 23 13 9 9 31 28 1 4 2 6 14 2 2 3 4 12 19 64 86 147 143 151 167 158 85 48 30 16 28 23 6 46 125 148 61 54 60 69 78 93 109 135 170 131 34 20 10 41 87 34 3 5 5 7 14 24 103 48 26 21 12 6 10 14 19 58 100 101 119 121 122 121 120 119 119 119 119 119 118 119 119 117 117 115 113 113 109 108 105 103 104 102
56 54 52 50 48 47 59 89 115 135 141 141 140 131 111 82 56 49 56 60 61 62 61 63 65 53 48 91 142 168 115 40 19 3 24 15 10 9 13 19 31 39 1 2 3 0 19 2 2 4 2 1 14 71 120 123 145 168 163 99 71 66 55 31 52 42 38 63 162 158 117 63 66 70 73 90 113 151 180 92 76 40 36 46 97 42 17 6 6 6 20 21 103 51 35 21 8 7 14 17 26 79 100 107 120 119 121 120 120 120 119 119 119 119 119 118 118 117 115 113 113 110 109 106 104 106 115 130
57 55 53 50 47 46 57 87 115 134 141 141 140 132 113 84 58 54 59 63 65 65 71 47 35 64 97 132 163 173 46 18 4 33 33 12 13 18 25 29 27 50 10 3 2 1 2 5 1 4 1 2 82 97 138 144 165 165 94 79 77 88 90 70 59 79 99 126 144 139 107 91 84 73 78 88 113 160 187 100 72 87 83 108 80 38 26 17 11 8 24 21 99 59 39 21 5 7 20 22 38 91 97 114 121 121 119 119 119 119 120 119 120 119 119 118 118 115 113 113 111 109 109 108 119 135 149 158
60 56 53 49 48 47 56 87 115 134 140 142 143 136 114 86 60 57 62 64 67 67 77 32 74 107 93 95 80 35 21 44 38 22 14 2 23 12 15 28 42 44 31 7 2 2 1 2 2 3 2 40 80 138 135 154 170 91 76 81 91 94 96 94 93 76 69 87 77 96 113 108 84 85 84 88 107 154 192 125 105 87 65 65 37 36 41 24 13 14 29 17 94 79 34 19 5 9 24 24 60 97 98 119 121 120 120 120 119 119 119 118 120 119 118 117 115 114 111 111 109 111 119 139 155 163 165 165
56 52 48 46 45 44 53 85 113 132 140 144 144 137 115 87 61 55 60 65 68 69 85 105 105 87 40 33 36 5 9 10 59 51 32 8 10 10 31 22 34 49 32 8 2 3 2 3 2 4 5 96 100 132 147 173 92 67 77 88 100 104 106 107 103 101 102 106 115 120 116 111 95 95 90 88 105 146 193 143 119 101 87 73 62 51 51 31 14 19 29 18 89 90 33 15 9 13 22 25 78 96 105 121 120 120 120 119 119 119 119 119 118 118 117 116 115 113 112 111 112 131 157 168 171 171 169 169
50 47 45 42 42 41 51 82 113 131 140 144 143 136 115 88 61 57 60 65 68 69 69 82 63 46 36 35 13 7 24 31 35 15 20 1 4 17 10 54 30 21 45 1 3 2 1 2 2 3 65 75 129 147 167 105 60 71 77 88 99 110 120 120 127 124 126 130 128 123 119 109 102 101 93 92 102 144 193 152 130 112 100 84 74 64 60 33 19 23 31 16 85 104 32 12 12 18 19 37 90 96 115 121 120 119 119 119 119 119 118 118 118 116 116 116 115 114 112 113 140 166 179 176 172 171 170 171
46 44 42 41 40 40 47 82 111 132 141 142 143 135 116 88 61 54 60 65 67 83 92 90 102 69 55 20 20 24 30 44 29 35 3 1 4 24 28 28 47 68 34 35 16 3 1 2 4 16 93 103 141 158 128 42 62 70 76 86 98 109 119 127 131 130 135 133 128 127 119 109 105 102 96 90 98 138 195 159 130 119 99 84 77 74 66 33 19 24 32 18 81 107 32 9 16 21 23 55 97 100 122 121 121 120 119 119 119 119 119 116 116 116 115 115 114 113 114 142 169 180 181 179 174 171 174 177
41 40 40 39 38 39 47 80 112 132 139 140 142 134 115 87 60 54 59 68 78 74 73 61 32 24 22 16 17 26 32 44 45 2 1 1 1 1 15 20 27 2 47 63 18 2 1 1 2 73 78 135 144 156 26 46 62 69 75 84 96 107 117 127 134 136 133 130 130 125 119 112 108 103 95 91 95 135 194 169 127 118 103 88 81 78 68 31 18 24 33 17 75 99 49 13 18 23 25 74 101 107 122 122 121 120 120 118 118 118 117 117 115 115 116 114 114 113 135 166 177 178 180 178 177 177 182 190
38 37 37 37 37 37 45 80 111 130 138 139 139 132 114 87 59 52 58 62 66 68 61 37 45 36 38 20 36 8 44 28 9 7 1 2 1 0 5 6 25 4 51 71 43 1 2 2 23 89 109 146 161 27 30 45 62 70 75 82 92 101 110 120 128 134 134 132 129 123 116 110 106 100 91 85 96 125 184 178 125 117 102 90 78 80 64 30 16 20 34 19 70 94 64 16 23 24 36 90 100 116 124 122 121 119 119 118 117 117 116 115 115 115 114 114 113 123 162 179 178 176 177 181 184 191 196 200
36 35 35 34 35 35 45 80 110 129 138 137 137 131 114 87 57 50 64 60 64 69 69 76 41 51 32 39 9 8 13 31 16 7 2 3 1 1 2 13 21 17 51 52 97 30 3 15 73 75 146 161 94 6 33 42 58 69 75 83 93 102 109 114 127 132 133 130 125 122 115 107 99 93 84 82 93 116 170 187 122 115 99 90 78 83 56 22 14 23 35 18 60 95 73 13 29 22 51 97 103 122 125 123 121 120 120 118 118 118 116 114 114 115 115 115 116 151 176 180 177 178 180 187 197 206 205 198
36 34 34 33 32 33 43 79 110 130 137 136 138 131 113 87 58 49 79 60 90 86 55 23 57 56 35 4 25 16 41 39 35 4 5 3 1 1 18 39 31 42 83 94 35 71 4 19 89 97 157 143 11 11 36 40 55 68 74 80 89 99 106 114 120 122 125 126 125 119 112 102 93 86 79 77 87 113 158 198 128 114 100 88 77 82 46 9 15 27 37 17 52 96 90 11 27 24 71 102 109 124 125 123 123 121 119 119 118 117 117 115 115 114 114 114 134 171 183 178 179 181 190 201 208 210 205 199
36 33 32 32 31 31 41 77 110 129 137 138 138 132 114 87 56 49 59 78 66 70 53 39 46 28 18 18 29 24 39 58 33 1 2 3 2 10 21 52 43 69 63 103 15 21 2 65 76 138 158 11 16 12 40 39 54 67 73 77 87 95 102 107 112 115 118 122 118 116 106 95 85 80 76 75 85 107 142 205 138 111 98 86 79 72 31 3 16 29 34 16 44 102 95 24 24 34 87 103 116 124 123 122 120 120 120 119 119 119 117 116 115 114 115 119 158 182 182 181 183 191 205 211 208 206 208 206
39 37 34 32 31 31 40 77 110 130 138 139 141 135 117 88 57 47 59 71 61 70 39 39 29 40 24 19 41 9 30 63 16 21 1 6 4 7 29 47 72 91 49 28 8 7 57 78 78 117 69 7 15 14 43 40 53 65 71 76 84 94 98 106 108 111 115 116 116 110 99 84 75 84 88 83 85 104 139 206 139 101 95 78 81 58 11 6 15 31 30 20 36 103 101 47 20 48 102 107 122 123 122 121 120 120 119 120 119 118 118 117 116 116 115 135 175 185 182 183 190 203 210 208 201 205 208 210
39 38 36 35 33 32 41 77 110 131 138 139 140 136 118 89 60 65 70 58 62 63 33 34 42 32 18 20 36 4 36 51 25 36 6 4 17 3 19 53 14 41 24 3 14 27 122 128 121 123 33 3 14 14 47 39 55 66 71 75 85 91 98 103 108 107 112 113 113 108 97 78 76 88 86 87 78 91 129 162 120 98 90 75 77 36 3 6 17 29 29 22 27 101 101 53 25 65 108 111 123 123 121 121 120 119 119 119 117 118 118 117 116 116 116 155 183 185 184 187 201 206 206 206 206 208 212 211
39 38 38 36 36 38 48 86 112 129 137 138 141 136 117 89 59 46 53 58 61 52 40 35 55 31 3 57 17 7 35 37 65 45 2 18 20 1 3 20 36 55 9 14 2 72 129 141 136 25 5 6 14 14 48 41 52 64 70 74 82 88 97 103 106 107 111 114 113 108 99 85 72 68 43 61 64 75 104 134 114 98 84 77 65 7 4 9 19 30 30 25 22 90 95 66 36 86 112 116 123 122 121 120 120 119 119 118 118 117 117 117 116 115 125 166 186 187 189 199 208 207 208 210 214 213 215 211
39 38 38 38 38 41 59 92 117 129 136 138 139 137 117 89 57 48 53 57 64 53 35 34 25 13 31 35 19 14 38 31 71 40 12 14 33 72 5 1 50 10 39 45 71 74 84 137 45 6 9 8 14 14 53 40 55 63 70 74 80 87 93 99 103 105 108 111 113 110 105 100 87 81 87 89 84 114 139 127 109 95 77 76 33 5 3 9 21 32 33 27 20 76 98 77 40 102 113 120 122 121 120 119 119 118 119 118 117 117 118 117 116 116 135 174 187 190 195 206 208 210 208 212 215 214 211 211
37 38 39 38 39 46 66 96 118 129 135 138 139 137 119 90 58 48 51 57 61 78 10 30 21 25 31 4 19 24 36 42 43 58 38 17 30 84 12 27 21 58 73 109 104 69 106 99 9 10 10 14 16 14 51 42 53 63 69 73 79 86 91 96 99 103 107 110 113 112 109 107 104 103 109 139 121 152 148 126 104 92 74 64 7 4 3 12 24 30 32 28 24 57 102 78 61 109 113 121 122 121 120 119 118 118 118 118 117 118 117 117 115 115 144 178 185 191 205 211 209 207 210 212 213 214 214 216
36 36 37 38 38 45 70 98 120 130 135 139 140 138 120 92 60 47 52 57 81 61 25 28 41 30 4 2 14 14 21 40 28 50 64 28 42 39 24 23 59 105 124 131 62 60 118 12 12 13 11 22 17 15 48 45 51 61 67 73 77 83 89 93 95 98 104 108 110 109 106 105 106 108 118 166 142 155 154 123 98 86 69 35 3 3 3 18 27 32 32 30 25 44 104 76 85 113 115 123 121 121 119 118 118 118 117 118 118 117 118 117 116 116 151 180 188 200 211 211 209 209 212 211 214 217 215 216
35 35 36 37 37 45 68 96 118 130 136 139 141 139 122 92 58 47 51 74 63 63 30 38 36 5 8 3 8 19 18 33 16 53 48 45 73 24 34 56 76 109 144 80 58 112 6 19 20 14 14 25 19 13 45 47 47 60 68 72 74 80 86 91 92 95 97 100 100 101 100 99 106 111 125 175 149 158 153 122 87 74 70 3 3 5 5 20 31 31 30 31 25 39 104 76 98 112 116 122 121 120 119 118 117 118 117 117 117 117 117 116 114 117 156 183 194 208 212 209 211 213 211 212 216 219 216 218
31 32 35 36 37 45 66 95 118 132 138 141 141 140 121 93 58 46 62 64 59 53 30 31 16 7 8 8 13 21 12 18 31 14 56 69 18 24 81 128 126 152 98 63 101 33 4 37 15 11 16 25 22 17 39 46 44 59 66 71 74 78 83 87 90 90 91 87 87 88 92 95 98 103 102 109 133 120 109 101 67 73 39 2 4 3 10 22 32 32 35 33 23 33 104 79 106 113 117 121 120 119 119 118 118 118 117 117 116 116 116 115 113 119 160 189 204 215 212 211 213 213 212 216 218 219 218 219
27 29 33 36 37 47 68 98 120 134 140 142 143 139 121 93 58 53 72 53 74 54 14 22 21 5 8 3 16 38 34 25 18 40 33 49 56 91 90 141 173 113 71 74 79 9 11 23 9 14 19 24 22 14 39 40 41 56 64 69 72 74 79 82 87 90 74 47 53 59 60 60 56 54 56 65 71 55 52 53 67 72 3 2 6 5 12 26 29 33 34 31 25 30 102 91 110 116 119 120 119 119 118 118 117 117 116 116 117 116 116 115 113 122 165 196 213 215 215 213 212 214 214 216 218 222 219 218
25 28 31 35 38 49 70 101 120 136 141 143 145 139 120 91 63 84 51 60 80 42 25 10 5 4 10 17 22 59 31 35 37 33 56 30 40 95 94 174 156 72 68 116 3 19 8 11 16 11 20 20 26 14 32 36 38 53 64 69 72 73 76 80 84 89 87 76 64 56 57 69 75 87 94 105 118 99 77 71 72 34 0 5 6 5 19 22 33 34 33 33 28 29 93 104 113 118 120 120 119 119 119 119 118 117 116 116 116 116 115 114 111 127 174 206 216 215 214 214 214 215 215 216 219 217 216 215
23 27 30 35 37 50 71 99 120 136 143 146 147 139 123 90 89 48 47 79 58 41 23 31 6 4 25 24 24 72 12 34 41 32 19 49 73 98 91 144 83 89 123 17 6 11 4 5 17 6 18 20 25 14 27 34 34 50 63 68 71 72 74 76 81 86 92 86 74 70 69 72 91 109 120 113 121 93 80 80 60 0 1 8 8 9 21 20 36 38 33 33 34 30 91 110 117 118 120 121 119 120 119 119 119 117 116 114 116 115 114 113 111 130 184 214 217 216 215 216 217 218 218 216 216 212 209 205
22 26 30 32 37 54 67 96 118 133 143 146 146 140 120 99 57 45 64 72 60 30 43 26 8 12 20 30 57 51 36 35 22 54 52 55 96 98 85 137 99 144 34 4 4 8 5 5 6 11 13 16 24 15 27 30 29 46 58 67 68 71 71 75 80 84 88 88 83 76 71 71 72 86 95 91 80 84 82 68 24 1 1 10 10 16 23 23 37 39 34 31 37 30 89 114 118 116 119 120 119 120 120 119 119 118 116 116 115 114 113 110 109 130 194 220 219 216 216 219 223 221 218 211 205 201 200 200
20 23 27 29 35 56 64 92 113 131 142 146 145 140 119 90 57 43 80 53 50 20 53 14 5 22 8 20 80 46 57 48 27 30 73 64 58 76 98 133 144 67 3 2 4 12 4 9 6 6 10 17 22 19 21 28 24 37 53 64 67 69 69 72 77 82 86 88 85 80 78 80 78 72 75 81 94 86 75 37 18 1 3 12 17 16 22 22 41 40 36 33 39 30 87 115 117 115 119 119 120 119 119 119 120 118 116 115 114 113 112 110 107 128 198 221 219 219 219 222 222 216 210 205 206 207 209 209
19 21 25 27 39 64 70 90 109 130 140 143 142 139 120 92 58 45 73 51 36 21 33 11 1 21 15 7 86 62 43 71 43 44 46 62 46 71 108 167 99 2 2 1 6 11 7 6 7 6 8 15 19 20 14 22 21 27 40 52 60 64 68 71 77 81 87 90 90 90 93 100 108 114 107 104 95 80 70 14 8 2 3 13 15 16 22 21 44 39 37 34 38 34 83 117 116 117 119 119 119 118 118 117 118 117 116 115 114 112 110 108 107 130 201 225 223 220 219 216 215 214 214 215 212 208 205 200
17 19 21 25 46 65 70 91 109 129 139 141 141 138 120 92 60 45 56 54 33 35 26 9 0 22 6 16 56 37 49 58 47 39 29 65 75 46 69 109 14 3 3 2 8 15 5 9 5 10 4 10 16 19 12 20 22 20 21 32 45 52 60 68 75 82 91 94 97 104 114 112 120 121 118 113 96 85 38 20 3 5 4 17 20 21 18 27 44 41 37 38 39 36 81 117 113 117 119 119 117 117 116 117 116 116 115 114 111 110 110 109 107 140 213 228 221 215 214 214 216 217 213 209 201 197 194 190
16 18 20 23 45 63 69 92 109 129 139 140 141 138 121 92 59 45 51 49 25 16 26 11 1 18 6 15 47 26 16 45 68 54 49 70 80 52 50 42 23 2 9 3 11 18 5 12 4 8 3 5 14 16 13 17 21 17 21 7 23 39 48 60 69 78 89 93 95 105 118 119 121 119 120 116 91 82 21 24 3 5 6 20 18 21 18 30 48 42 37 41 39 37 80 117 113 115 118 117 116 115 115 116 116 115 114 112 110 110 108 107 107 153 219 228 214 211 214 216 215 213 203 194 190 182 175 158
14 15 17 22 38 59 73 93 113 130 138 139 141 138 121 93 58 45 58 28 18 22 31 9 13 14 4 3 56 44 20 29 44 58 77 63 76 71 46 26 2 2 2 3 14 22 5 14 4 6 6 6 6 15 15 15 18 14 25 15 6 16 33 44 50 59 65 73 83 92 103 112 118 113 109 102 86 72 25 20 7 1 11 20 15 21 22 32 46 41 39 44 42 38 82 114 106 96 100 106 110 113 112 114 113 113 112 110 109 108 107 104 107 172 221 220 212 212 210 211 206 198 189 179 165 138 101 63
13 14 17 20 32 55 66 89 114 130 137 139 140 137 119 91 57 108 95 68 4 32 17 19 13 4 3 5 55 67 33 24 43 55 46 51 90 73 88 80 3 3 3 5 18 25 3 18 4 5 8 5 6 9 16 18 20 20 23 30 25 30 38 47 57 64 66 71 84 90 104 108 116 113 111 102 95 85 21 12 8 8 13 24 22 16 22 32 46 43 38 43 39 41 88 110 89 78 80 86 89 95 99 103 108 111 109 109 108 105 103 102 114 190 217 210 207 206 200 196 190 177 158 129 90 51 30 34
21 18 16 18 31 46 57 86 111 128 138 139 138 137 119 88 145 108 38 64 6 20 19 19 16 13 4 7 48 53 56 27 18 42 68 50 62 82 41 63 101 13 5 6 22 26 4 19 4 6 7 5 6 6 11 13 16 21 19 31 38 53 65 72 75 79 75 70 87 96 103 102 103 106 110 121 137 153 154 110 34 4 16 23 22 15 23 36 48 40 40 43 41 39 91 105 77 80 72 75 76 76 78 80 86 91 98 101 102 103 101 98 124 197 210 194 199 200 194 186 174 157 127 82 43 34 39 46
31 27 24 20 29 42 50 78 104 127 136 137 136 136 118 142 75 53 48 34 2 14 26 18 10 25 19 10 25 58 50 50 33 63 76 32 39 56 44 42 80 89 10 13 24 26 4 18 7 6 4 7 6 6 6 18 17 20 21 33 42 59 68 71 69 72 74 79 88 94 95 95 95 99 112 130 144 156 159 159 165 135 66 18 26 17 25 39 49 40 39 42 40 38 98 101 88 91 91 83 76 73 69 68 68 70 74 77 82 86 89 93 125 190 197 189 194 196 191 179 153 128 85 46 39 43 49 51
70 48 36 29 35 36 41 65 97 124 134 136 136 141 134 92 58 63 84 5 1 4 26 21 5 19 33 22 11 29 56 27 43 71 29 35 41 48 49 64 87 35 71 15 24 25 4 25 7 8 3 9 6 5 8 16 18 21 21 30 44 59 66 68 70 73 79 82 88 93 92 93 97 106 120 134 148 154 156 163 161 159 167 150 62 17 29 43 50 39 40 41 41 38 101 99 101 100 100 95 91 84 79 73 68 65 64 64 65 75 82 77 109 183 191 191 195 189 178 162 127 71 43 47 47 47 51 53
89 82 60 44 42 36 37 60 96 123 132 136 135 135 120 93 82 98 32 4 2 3 22 32 0 16 45 35 10 5 38 54 46 49 20 49 48 53 67 66 76 41 47 53 26 22 4 25 9 9 4 7 8 6 7 15 21 24 21 28 43 54 60 68 72 72 80 88 92 90 91 94 101 113 125 137 146 151 153 157 159 162 164 168 178 117 26 40 52 38 39 42 41 35 109 97 110 107 104 102 99 95 92 87 81 75 71 66 67 90 96 76 114 186 195 198 195 181 161 113 66 45 55 53 50 53 55 51
89 99 94 72 56 42 36 62 97 124 136 137 138 138 121 105 139 65 16 3 3 1 27 47 49 54 24 16 14 43 17 33 30 15 23 27 52 68 73 76 24 80 21 75 23 15 4 23 12 8 5 7 10 7 7 18 23 34 22 28 42 56 65 71 69 77 84 90 93 91 91 97 108 118 122 131 141 147 152 151 156 160 164 169 172 176 148 37 51 38 37 41 42 36 113 101 111 109 108 107 104 101 98 95 91 87 83 79 80 98 101 87 144 197 201 198 192 171 138 71 42 59 61 55 55 63 59 51
82 100 109 96 78 49 37 62 97 127 140 140 139 137 122 128 119 78 20 17 18 14 25 2 26 18 8 14 21 11 1 52 2 16 18 36 31 57 70 74 63 32 106 40 64 13 5 22 14 10 5 6 18 9 7 24 25 38 27 25 45 59 66 59 77 82 88 88 93 93 94 103 112 120 123 128 136 141 143 150 152 156 162 168 174 176 184 145 49 40 40 42 40 46 111 104 110 111 110 109 107 106 103 99 97 93 91 89 90 101 108 106 168 204 201 197 186 155 111 56 56 62 61 59 66 68 57 52
56 86 107 114 103 63 39 63 100 128 140 141 141 138 122 112 80 51 4 2 6 5 14 16 4 3 27 6 2 13 4 9 26 7 21 22 44 43 76 68 72 59 58 60 102 7 5 23 17 10 5 7 19 7 8 25 29 47 37 21 45 62 56 76 78 85 87 91 91 93 96 103 110 118 120 127 133 136 143 145 148 156 161 166 174 179 182 190 115 41 42 39 37 57 107 107 111 110 110 109 107 106 103 103 101 97 95 94 97 111 115 123 188 208 202 195 179 135 84 60 65 58 61 64 69 62 56 57
34 68 109 121 111 79 37 62 101 127 141 141 142 139 122 122 86 47 3 2 5 19 0 3 8 10 33 15 8 5 25 5 23 26 23 25 24 45 46 62 85 82 10 72 108 7 5 21 20 12 6 6 19 9 9 24 32 52 44 20 41 57 71 79 81 86 88 93 94 95 98 104 109 115 120 125 129 134 140 142 148 154 160 165 171 176 184 188 193 64 43 37 34 70 100 107 111 112 109 110 108 106 105 104 102 101 98 98 99 112 127 149 199 209 202 192 172 115 66 66 61 62 65 69 63 55 56 60
21 46 104 124 118 88 39 58 101 128 141 141 141 139 123 96 95 32 6 2 4 8 1 2 4 13 36 9 13 3 13 23 23 20 30 42 38 33 43 77 80 56 25 58 126 23 4 27 26 12 7 9 22 10 10 24 39 49 44 21 45 61 74 75 83 83 87 92 94 96 100 103 108 112 118 122 127 133 137 142 146 151 160 165 175 181 185 187 190 155 37 39 31 78 106 111 113 110 110 109 108 107 104 102 103 101 98 98 105 135 167 184 207 209 201 184 150 90 70 68 62 66 70 67 53 54 61 57
18 39 99 126 122 89 33 59 103 130 142 142 141 140 125 98 81 32 13 2 5 3 1 3 4 26 37 3 19 7 4 9 17 17 23 36 33 30 35 83 76 70 23 41 124 10 4 30 30 13 9 10 19 8 16 27 46 44 49 24 44 63 75 76 84 86 88 88 93 95 98 103 105 111 114 119 125 129 135 141 145 151 159 166 174 181 187 187 192 197 67 38 29 89 107 113 112 113 111 109 109 106 103 102 101 100 99 102 137 181 185 193 211 209 198 172 121 76 71 66 68 70 69 58 52 59 61 54
17 35 94 121 122 87 37 59 103 131 142 142 141 140 126 99 85 16 11 13 2 4 2 4 2 46 30 2 10 12 3 4 3 6 21 34 42 27 32 86 83 66 58 57 67 54 6 33 27 19 14 13 19 14 23 32 49 58 55 25 50 65 76 83 84 87 88 88 90 93 97 101 104 108 113 118 122 127 133 137 142 150 157 164 174 181 185 189 188 191 137 34 32 98 110 113 114 111 111 109 108 106 104 102 100 99 100 108 179 213 204 199 213 208 189 149 97 75 69 66 70 73 68 55 56 63 58 53
14 31 87 125 124 95 40 57 104 131 141 141 141 140 125 97 69 22 21 3 2 3 4 2 33 39 19 1 3 15 6 2 10 3 19 12 54 22 41 79 94 70 66 105 63 42 18 25 24 24 18 18 18 20 28 46 62 61 54 29 50 68 74 82 86 88 89 88 89 91 96 99 103 108 113 117 121 125 130 135 141 148 158 164 173 179 183 186 188 189 186 33 36 101 110 115 114 110 110 109 108 108 104 102 101 99 100 120 196 216 201 205 212 202 174 124 87 76 67 67 73 71 61 56 60 61 54 49
13 31 83 123 125 99 44 58 101 130 141 140 139 139 123 99 69 28 8 5 2 5 5 17 11 28 15 4 6 13 4 2 8 5 24 11 27 51 66 74 55 59 91 96 66 42 22 18 23 25 21 20 20 24 37 53 64 63 52 31 54 70 77 81 86 91 87 88 87 91 94 98 101 106 110 115 119 123 127 133 138 146 154 162 170 177 182 187 187 187 194 75 46 105 112 118 111 112 109 107 106 107 107 105 100 100 104 130 198 206 192 206 211 194 151 105 87 74 69 68 72 66 59 58 61 58 50 44
15 28 79 122 125 104 47 56 100 128 139 141 139 139 125 100 70 21 7 4 2 5 7 4 5 18 21 4 8 5 4 5 10 7 28 11 3 35 63 60 56 29 19 26 34 43 62 55 66 34 25 22 22 28 40 59 64 65 50 34 60 74 79 82 87 91 88 89 87 88 92 96 98 104 108 111 118 120 127 130 137 143 152 161 167 177 179 183 186 187 186 127 55 107 113 117 113 111 109 107 106 106 107 105 102 101 107 137 196 203 187 206 208 179 128 94 83 72 67 67 68 59 52 57 60 52 48 43
13 23 70 117 125 105 48 56 98 127 138 140 139 140 127 103 61 24 18 3 2 4 1 11 2 10 10 5 3 5 7 2 10 5 30 8 27 35 51 53 48 66 14 29 21 8 27 17 19 42 23 19 20 37 44 60 64 65 41 43 65 75 80 85 87 90 92 89 87 88 92 94 97 100 105 111 117 119 125 127 134 142 148 158 165 171 180 182 186 187 184 173 58 109 115 115 112 109 111 108 107 107 106 103 102 103 110 122 169 184 183 208 201 165 112 89 77 70 61 64 59 51 57 62 56 51 47 45
13 21 62 113 125 107 54 57 97 127 139 140 139 140 125 105 77 31 14 2 3 9 24 9 3 7 6 5 5 1 12 5 10 18 12 37 18 66 48 53 29 41 57 27 30 17 20 17 22 16 19 13 26 39 49 60 63 60 31 49 69 79 86 88 90 89 88 88 89 87 89 92 96 100 104 110 113 118 122 125 132 136 145 155 162 172 177 181 186 186 185 191 93 114 102 106 108 109 111 111 108 108 106 105 103 107 112 115 122 139 175 209 194 153 102 80 72 62 61 61 48 51 63 58 48 47 47 44
9 19 51 112 122 110 62 59 96 125 139 140 139 140 126 98 85 41 15 1 16 14 1 1 3 11 8 6 16 10 12 11 9 20 10 26 16 15 28 51 24 22 56 92 33 21 9 18 13 16 12 18 31 44 55 63 61 52 29 59 75 82 86 91 89 92 91 92 91 88 89 91 95 100 104 106 111 116 119 123 130 135 142 150 160 170 175 182 185 185 186 184 136 109 77 80 82 88 97 103 107 108 107 106 108 114 118 118 114 123 182 209 184 135 92 76 66 59 60 50 47 58 60 52 46 48 45 42
10 20 51 106 127 114 64 58 93 123 137 139 139 139 127 98 74 38 15 3 5 1 1 2 10 11 3 16 3 4 6 2 15 9 6 35 39 18 6 12 34 23 33 47 11 20 8 12 11 9 14 24 36 49 57 60 61 35 38 66 78 81 87 91 92 93 92 93 92 89 91 92 95 99 103 106 111 113 120 122 127 132 138 148 156 164 174 179 184 186 185 183 164 79 59 58 58 64 71 77 82 88 94 103 113 120 121 111 112 140 194 203 166 113 83 66 55 60 53 44 54 59 52 48 48 53 44 34
6 21 42 113 132 123 76 56 90 122 137 139 139 140 128 102 69 42 12 9 7 1 1 10 3 11 3 12 9 4 3 5 5 16 29 34 60 41 24 18 22 49 22 28 14 9 10 6 7 7 21 31 43 54 57 56 50 22 50 72 78 83 86 90 93 93 93 94 92 91 92 91 94 97 99 102 107 112 117 120 126 130 134 144 152 162 173 177 181 184 184 184 185 70 65 54 47 44 47 48 51 55 63 75 95 116 121 126 125 155 205 189 136 92 66 53 51 55 45 50 61 51 50 47 52 49 43 30
14 20 42 113 134 127 89 56 88 120 136 140 139 140 128 96 66 45 9 13 3 1 11 10 3 10 5 15 11 10 4 7 8 6 5 27 45 66 56 46 45 20 7 8 13 5 7 6 5 12 26 37 48 56 55 55 24 36 67 77 80 84 86 91 92 94 94 95 94 93 93 91 93 94 99 102 106 111 115 119 121 127 135 140 148 158 168 176 179 182 185 184 183 105 71 65 61 53 47 40 35 32 30 37 59 84 146 162 134 171 196 167 110 70 48 47 49 45 47 62 55 47 47 47 53 46 37 28
35 42 52 111 139 137 95 59 88 120 137 140 139 140 129 87 71 31 14 10 4 7 6 7 3 8 9 11 9 7 7 3 3 13 10 9 27 71 60 45 38 50 7 16 6 6 3 4 6 20 33 43 53 54 54 32 24 55 74 80 83 85 86 90 90 93 94 95 95 95 93 94 93 95 97 98 104 108 114 117 119 126 132 136 145 156 163 171 177 182 183 185 180 147 71 72 68 64 54 47 40 32 23 21 29 100 176 163 137 181 183 138 76 51 43 46 43 43 58 55 46 44 44 51 55 43 32 28
54 58 68 108 139 139 106 64 89 121 137 141 139 142 130 84 70 36 11 9 12 2 2 4 2 4 12 7 11 11 2 2 7 9 19 11 8 33 62 81 33 53 10 8 5 4 4 4 14 29 37 48 53 55 33 21 44 69 74 81 84 87 88 89 92 93 95 95 97 96 95 94 92 94 96 96 103 106 111 115 119 123 127 133 142 150 161 170 176 179 183 185 179 175 71 72 71 68 62 51 46 41 36 31 35 98 166 160 153 166 141 82 49 41 45 41 42 54 56 44 42 43 47 57 51 40 35 28
56 65 81 114 139 141 114 69 89 120 138 140 141 143 131 78 70 30 10 2 2 2 3 7 2 3 2 9 6 10 10 6 9 15 14 15 19 19 29 33 60 15 11 3 6 4 3 10 24 34 41 50 51 25 20 42 63 70 74 80 85 86 87 90 91 91 96 95 97 97 95 95 93 96 96 98 101 105 108 112 117 123 125 132 136 145 155 165 174 179 183 183 179 181 98 72 70 69 65 60 52 49 44 45 54 90 165 177 154 118 77 50 40 42 40 41 50 56 44 39 41 44 54 58 46 39 31 29
50 72 80 107 134 136 112 72 88 120 137 140 142 142 130 78 68 19 10 5 5 6 3 8 5 3 8 25 9 19 22 5 10 25 14 26 15 26 31 54 16 26 3 5 4 3 4 15 32 40 37 28 14 30 48 61 68 72 76 79 83 86 87 91 89 93 94 97 97 98 97 97 96 97 96 98 100 102 108 109 115 121 124 130 134 142 151 160 169 176 181 185 183 178 131 71 68 67 66 62 58 56 55 59 65 94 155 160 108 65 49 43 44 43 41 52 57 46 38 36 41 51 60 53 45 37 29 31
38 57 64 97 132 139 116 76 90 119 138 142 143 143 129 85 54 12 6 5 6 11 5 5 13 6 16 24 8 25 35 18 5 30 3 21 39 18 38 64 37 14 4 5 3 3 7 13 13 12 20 33 45 56 66 68 70 72 75 80 85 86 88 88 89 93 94 96 98 99 99 98 98 97 96 100 100 102 104 109 114 121 123 128 135 141 147 155 164 173 179 184 183 180 165 68 67 65 66 66 64 61 65 71 73 76 101 91 63 52 48 47 45 41 49 55 48 38 35 35 48 61 64 52 42 31 29 28
31 43 59 88 127 138 119 85 91 119 138 144 143 142 127 92 39 14 6 5 3 12 6 11 18 6 13 25 8 23 39 29 5 29 26 12 36 28 36 42 35 19 4 3 3 5 12 20 32 40 46 54 62 67 69 71 73 73 75 79 82 84 85 87 90 91 94 95 99 99 97 99 99 101 99 100 100 103 105 109 112 117 121 126 130 138 146 153 158 167 175 180 181 180 180 82 67 64 65 67 68 66 73 78 75 74 70 64 59 59 58 51 44 47 50 45 38 37 33 43 59 64 61 50 37 30 28 25
30 37 48 82 141 165 145 93 93 120 139 143 143 143 124 66 35 18 7 6 6 10 7 10 17 3 6 26 5 17 29 51 11 20 44 6 24 41 17 41 31 16 1 4 7 14 23 36 45 55 62 63 67 70 71 73 74 75 76 80 83 84 85 86 88 90 93 95 97 98 99 101 100 103 102 103 103 104 107 108 112 115 121 124 131 135 141 147 155 164 172 177 180 177 177 109 66 64 65 68 70 74 79 78 77 73 69 66 66 70 62 50 48 50 46 37 37 38 41 55 67 67 53 41 33 27 26 25
29 34 42 83 167 177 166 114 94 119 138 142 142 141 127 76 34 24 10 7 6 12 13 17 7 16 12 43 10 24 38 47 39 7 37 17 13 34 26 26 40 28 2 6 15 25 37 46 52 57 64 65 69 73 73 74 74 78 79 79 82 84 86 86 88 89 91 93 96 96 99 100 102 102 104 104 105 107 107 111 114 114 121 126 130 133 139 145 152 160 170 175 178 178 176 143 64 65 67 68 71 78 79 82 80 75 75 76 81 74 61 55 52 46 41 40 40 43 55 70 71 61 45 33 25 26 27 33
28 35 41 85 167 175 163 122 94 118 138 141 142 140 118 68 34 18 15 8 15 19 25 29 17 27 31 32 20 33 31 33 60 14 37 31 18 32 24 12 33 32 48 13 27 35 41 48 56 63 66 68 69 73 74 76 77 78 80 79 84 86 86 85 88 90 91 92 96 98 99 98 101 102 105 107 108 108 110 110 115 115 119 124 126 132 136 143 150 159 164 173 175 177 177 171 68 64 64 67 74 79 85 93 86 85 86 96 87 72 59 52 44 39 46 44 44 52 71 78 70 49 35 26 23 27 35 47
28 31 39 69 154 168 156 105 94 118 138 141 141 140 125 58 31 14 20 9 15 26 27 24 25 36 55 14 20 32 31 32 32 54 41 22 14 16 25 19 25 11 26 36 38 39 43 50 59 64 68 69 71 71 74 75 76 79 80 82 84 86 85 88 90 89 89 91 94 95 96 98 99 101 104 106 109 109 112 113 118 120 121 125 127 133 136 140 150 157 161 171 175 177 177 177 98 77 67 67 75 83 98 97 95 94 102 100 80 65 52 39 37 43 47 47 50 66 74 72 60 35 26 23 22 33 49 62
28 34 39 66 119 142 121 84 91 119 138 140 141 138 126 59 41 21 24 28 19 28 26 19 28 29 38 10 21 25 41 25 52 26 42 50 11 13 27 17 16 8 20 32 41 45 48 55 63 66 70 70 72 72 73 74 76 79 82 83 85 86 88 88 91 91 89 91 92 93 94 98 98 99 103 106 109 111 114 117 119 121 123 126 129 134 138 143 149 157 162 167 172 175 177 176 117 73 82 77 79 96 108 102 101 104 105 88 69 54 41 37 43 44 48 54 65 72 71 59 39 27 22 23 31 53 68 75
35 33 41 71 107 116 96 70 88 120 138 140 141 139 126 58 57 27 24 42 22 26 33 34 36 42 31 22 18 33 37 20 57 22 15 51 24 9 19 29 11 16 27 38 45 48 51 58 66 68 71 72 71 73 73 74 78 81 83 83 86 86 86 90 93 90 90 91 92 89 91 93 97 100 102 106 110 112 114 116 119 123 124 128 130 134 138 143 148 156 160 164 170 175 176 175 142 63 61 73 92 96 96 93 101 107 93 75 61 48 41 41 43 48 56 64 68 65 54 38 27 20 22 34 52 73 86 90
