0.2467     0.3015     0.7609     0.1311     0.8841     0.0334     0.0298     0.0712     0.0483     0.0716     0.0192
0.4369     0.8671     0.9261     0.1399     0.9643     0.2437     0.2211      0.078     0.2918      0.389     0.2054
0.6806     0.9692     0.9493     0.2383     0.9822     0.7279     0.7105     0.1763     0.7545     0.7633     0.6583
0.8149     0.9757     0.9681     0.4597     0.9804     0.9282      0.893     0.3119     0.9256     0.9211     0.8656
0.84     0.9773     0.9623     0.6439     0.9697     0.8898     0.8719      0.322     0.9135     0.8936     0.8752
0.7596     0.9789     0.9565     0.8477     0.9626      0.586        0.6     0.2034     0.7042     0.6972     0.6372
0.5051     0.9206      0.929     0.7272     0.9376     0.1002     0.1421     0.0814     0.2133     0.2569     0.1459
0.3242     0.5429     0.6696     0.4739     0.8948     0.0217     0.0175     0.0814     0.0463     0.0734     0.0173
0.3801     0.6305     0.5739     0.0753     0.9626     0.2588     0.2474     0.1424     0.3099     0.4991     0.2226
0.7649     0.9887     0.7275     0.1701      0.984     0.9666     0.9544     0.5559     0.9577     0.9321     0.9232
0.8375     0.9595     0.7783     0.3915     0.9697     0.9816     0.9614     0.8746     0.9738     0.9835     0.9904
0.8428     0.8493     0.9101     0.5633      0.959     0.9015     0.8439     0.9356     0.8954     0.9761     0.9155
0.9127     0.7844     0.9855     0.8485     0.9804     0.9382     0.8895     0.9322     0.9235     0.9761     0.9424
0.9577     0.7731     0.9986     0.9681     0.9929     0.9883     0.9877     0.8508      0.992     0.9798     0.9981
0.8508      0.671      0.987     0.8229     0.9822     0.8598     0.8596     0.4203     0.9376     0.9028     0.8887
0.3637     0.2788     0.7043     0.3818     0.9643     0.0868      0.107     0.1627     0.2153      0.356       0.19
0.5559      0.718      0.042     0.0709     0.6292     0.8731     0.8404     0.4881      0.841     0.8716     0.7774
0.7163     0.9806     0.0536     0.3525     0.5882     0.9816     0.9754     0.9085     0.9859     0.9725     0.9846
0.4373     0.5835     0.1116     0.4818     0.3886     0.3339     0.2526     0.8644     0.4205     0.7468     0.4223
0.3005     0.0502     0.5246     0.6811     0.3226     0.0451     0.0316     0.6237     0.0785     0.3119     0.0557
0.4668     0.0211      0.971     0.9646     0.7914     0.1002     0.0526     0.6576     0.1046      0.411     0.0691
0.7546     0.0178     0.9797     0.9584      0.984      0.793     0.6456     0.8475     0.7123     0.9193     0.5317
0.7829     0.0194     0.6928     0.7183     0.9875     0.9833      0.986     0.8542     0.9859      0.989     0.8234
0.4064     0.0259     0.1058     0.1488      0.918     0.4791     0.4842     0.3153     0.7123     0.8514     0.3877
0.5088     0.8136     0.0058     0.0399     0.0446     0.9533     0.8544     0.7356     0.9537     0.4752     0.9232
0.5513     0.9806     0.0304     0.2073     0.0446     0.8548     0.8772     0.8644     0.9235        0.4     0.9443
0.2336     0.5527     0.3551     0.4721     0.0339     0.0351     0.0719     0.3153     0.0684     0.0789      0.071
0.3063     0.1102     0.9377     0.8822     0.1533          0          0     0.1085      0.008     0.0183     0.0038
0.3893     0.0308     0.9797     0.9858     0.8324     0.0083     0.0035     0.0949      0.006     0.0587          0
0.5161     0.0081     0.7971     0.9229      0.984     0.2671     0.2965     0.4678     0.2153     0.7009     0.0077
0.5772     0.0032     0.0855     0.4172     0.9483     0.9766     0.9719     0.7492     0.9557     0.9908     0.0729
0.3677     0.0113     0.0391      0.062     0.4955     0.7195     0.5684     0.4576     0.8692     0.9193     0.0192
0.4502     0.8833     0.0072     0.0239     0.0125     0.9566      0.593     0.7593     0.9638     0.0514     0.9328
0.5272     0.9935     0.3681      0.054     0.0071     0.8347     0.9439     0.7729     0.9115     0.0367     0.9693
0.3654     0.9319     0.9333     0.3198     0.0463     0.0267     0.5737     0.2644     0.0402     0.0073     0.2879
0.4431     0.8217     0.9826     0.9531     0.4046          0     0.1702     0.0881      0.002          0     0.1094
0.4927     0.7488     0.9696     0.9637     0.9626     0.0083     0.2246     0.0678      0.002     0.0734     0.0288
0.5802     0.5381     0.7768     0.7343      0.975     0.2187     0.8333     0.3186     0.1127     0.9064     0.0019
0.5483      0.094     0.2087      0.295     0.7629     0.9716     0.9842     0.6339     0.9497     0.9872          0
0.2802     0.0146     0.0522     0.0487     0.1426     0.7613     0.2018     0.4508     0.8773     0.6661     0.0096
0.3943     0.9335      0.013     0.0204     0.0107     0.8898     0.0825     0.7085     0.9598     0.0055     0.9443
0.5442     0.9919     0.3464     0.0815     0.0196     0.9583     0.9281      0.861     0.9054     0.0018     0.9904
0.5221     0.9676     0.8246      0.504     0.1301      0.182     0.9439     0.5153     0.0342     0.0037     0.9962
0.632      0.893      0.829     0.9353     0.7932     0.0134     0.9561     0.3424      0.002     0.0202     0.9923
0.7281       0.94      0.913     0.9061     0.9857     0.0351     0.9667      0.339      0.002     0.7541     0.9904
0.7399     0.9611     0.9449     0.5217     0.8984      0.586     0.9982     0.5322     0.0946     0.9908     0.8733
0.6476     0.7877     0.8145     0.2728     0.2816       0.98     0.9491     0.6407     0.9457     0.9193       0.19
0.2327     0.1183     0.1826     0.0478     0.0535     0.7813     0.0474     0.3559     0.8813     0.1376     0.0115
0.3255     0.7601     0.0058      0.039     0.0196     0.2604     0.2281        0.6     0.9497     0.0073     0.9482
0.5357     0.8055     0.0391     0.2852      0.066     0.9699     0.9298     0.8712     0.9135     0.0018          1
0.4731     0.2447     0.0971      0.558     0.3529     0.9666     0.8561     0.7085     0.0302     0.0183     0.9655
0.5427     0.1507     0.1101     0.9035      0.975      0.813     0.4965     0.6034      0.004     0.4624     0.6353
0.5789     0.2253     0.1797     0.6413     0.9572     0.8948     0.5947     0.6475      0.002     0.9651     0.7102
0.738      0.812     0.7739     0.4836     0.6791     0.9967     0.9754     0.8305     0.0905      0.967     0.9866
0.6751     0.9708     0.9652      0.264     0.0374      0.995     0.9719     0.7898     0.9477     0.2165     0.9808
0.336     0.5284     0.6174      0.039     0.0446     0.8297     0.1088     0.3458     0.8873      0.033     0.1593
0.2832     0.0956     0.0087     0.0965     0.0303     0.0017     0.7193     0.4576     0.9497     0.0073     0.9463
0.4114     0.0567     0.0029     0.4942     0.1497      0.182     0.8719     0.7559     0.9215     0.0128     0.9693
0.3201     0.0097     0.0101     0.5775     0.7041     0.7212     0.0842     0.5898     0.0302     0.2073     0.1651
0.4348     0.0032     0.0029     0.8025     0.9857     0.8765      0.007     0.3695          0     0.9394     0.0115
0.3903     0.0243     0.0159     0.5438      0.861     0.9065     0.0263      0.461      0.002     0.9688     0.0096
0.4512      0.389     0.3841     0.5288     0.2585     0.9866      0.307     0.8169     0.1006     0.4128     0.3628
0.6638     0.9562     0.9681     0.2914     0.0071     0.9917     0.9719     0.9051     0.9416     0.0312      0.975
0.4705     0.7553     0.7899     0.0469     0.0339     0.7796     0.5614     0.4949     0.8753     0.0147     0.7198
0.3459     0.0551     0.0261     0.3605     0.0927      0.005     0.8158     0.5186     0.9437     0.0092     0.9175
0.4009     0.0421     0.0174     0.5323     0.3904     0.0017     0.7386     0.5186     0.9195     0.1138     0.8887
0.2898     0.0065     0.0101     0.5713     0.9216     0.0017     0.0193     0.1763     0.0241     0.8697     0.0441
0.3053     0.0032          0     0.6457     0.9465      0.005     0.0018     0.1254      0.002      0.978     0.0038
0.2605     0.0146     0.0101     0.7015      0.631       0.01     0.0018     0.1831      0.004     0.6275     0.0038
0.3225     0.3177     0.2957     0.8503     0.0463     0.3205     0.1158     0.4814     0.0946     0.0642      0.144
0.6975     0.9562     0.9638     0.5279     0.0036     0.9699     0.9456     0.9017     0.9356     0.0073     0.9482
0.5068     0.7893     0.8072     0.0868     0.0374     0.7028     0.6947     0.6746     0.8531     0.0073      0.856
0.4622     0.3079     0.3464     0.5261     0.1836     0.1219     0.8228     0.5492     0.9296     0.0697     0.8714
0.5671     0.2626     0.3261      0.535     0.6934     0.1152     0.8228      0.522     0.9497     0.7321     0.9079
0.3229      0.034     0.0681     0.5748     0.9697     0.0167     0.0526     0.1525     0.0724     0.9817     0.0537
0.3118     0.0097     0.0101     0.7945     0.8556     0.0033      0.014      0.061     0.0101     0.8257     0.0096
0.2334     0.0357     0.0232     0.9646     0.3191     0.0067     0.0175     0.0881      0.006     0.0972     0.0077
0.3554     0.4019     0.3855     0.9832     0.0089     0.2437     0.1719     0.3254      0.171      0.011     0.1555
0.7437     0.9611     0.9783     0.7733     0.0089     0.9583     0.9386      0.878     0.9457     0.0018     0.9501
0.5621     0.7747     0.8058     0.4021     0.0463     0.6778     0.6842     0.7322     0.8249      0.011     0.8522
0.5968     0.7553     0.7493     0.5084     0.4135     0.5426     0.5281     0.6203     0.7364     0.5284     0.6583
0.844     0.9303     0.9464     0.5066      0.893     0.8431     0.9544     0.7085     0.9859      0.967      0.977
0.6086     0.5559     0.6522     0.5598     0.9608     0.4307     0.5018     0.2881     0.5392     0.9743     0.5259
0.364     0.1961     0.2348     0.8299     0.6684     0.0985     0.1474     0.1186     0.1429     0.5486      0.096
0.326     0.2934     0.2812     0.9867     0.0927     0.1536     0.1754      0.139      0.159     0.0954     0.1132
0.6172     0.8088     0.8101     0.9761      0.025     0.6928     0.6018     0.4441     0.6217     0.0367     0.6257
0.751     0.9514     0.9623     0.7865     0.0285     0.9666     0.9439      0.861     0.9759     0.0257     0.9578
0.4114     0.5203     0.5246      0.527     0.0624     0.3506     0.3772     0.6407     0.5573     0.0147     0.5106
0.3038     0.2642     0.2391     0.2321     0.6328     0.1486     0.0789     0.4576      0.165     0.8789     0.1056
0.7658     0.9028     0.8681     0.2932     0.9608     0.8464     0.7404     0.8678     0.8672      0.989     0.8292
0.8411     0.9724     0.9739     0.3587     0.8984       0.98     0.9526     0.7288     0.9799     0.9963     0.9808
0.8204     0.9546     0.9551     0.6652     0.4082     0.9566     0.9386     0.4678     0.9155     0.9541     0.9463
0.8352     0.9595     0.9449     0.9495     0.0553     0.9699     0.9333     0.5051     0.9276     0.8587     0.9463
0.8486     0.9465     0.9333     0.9539     0.0357     0.9616     0.9404     0.7797     0.9718     0.8385     0.9693
0.6386     0.6434     0.6696     0.7245     0.0392     0.6327      0.593     0.8373     0.7445     0.8147     0.7102
0.1721     0.0616     0.0928     0.3534     0.0588     0.0417     0.0281     0.3661     0.0905     0.5064     0.0633
0.1346     0.0081     0.0174     0.0363     0.5597     0.0067     0.0088     0.1051     0.0101     0.7156     0.0077
0.249     0.1248     0.1652     0.0496     0.7772     0.0801     0.0316     0.5186     0.1227     0.9266     0.0614
0.4303     0.5089     0.5377     0.0682     0.4813     0.4174     0.2544     0.7898     0.4527     0.9486     0.3647
0.5569     0.6759     0.7116     0.2604     0.1105     0.6628     0.4754     0.8339     0.6881     0.9523     0.6065
0.5627     0.5851     0.6188     0.5686     0.0303     0.5977     0.4158     0.8237     0.6076     0.9358     0.5624
0.412     0.2512      0.342      0.713     0.0267     0.2521     0.1719     0.7322      0.334     0.9266     0.2591
0.1947     0.0211     0.0638     0.3915     0.0285      0.015      0.014        0.4     0.0684     0.8624     0.0365
0.085     0.0146     0.0159     0.1054     0.0428      0.005      0.007      0.122     0.0121     0.5413     0.0096
