110 112 112 111 112 110 110 109 110 112 111 113 118 115 103 84 61 44 46 48 50 51 50 50 51 56 61 65 67 70 72 74 75 78 78 77 77 77 77 78 79 79 79 79 79 78 79 79 79 80 80 78 78 78 78 78 77 76 77 76 77 77 77 78 78 78 78 76 76 75 75 74 73 73 72 72 70 67 68 79 94 104 114 113 108 106 104 105 105 104 106 106 106 105 107 109 114 117 121 150 179 190 187 153 84 71 69 68 68 68 67 67 68 67 70 70 71 69 67 67 67 67 66 67 74 118 160 168
111 112 111 112 112 110 111 109 111 110 112 117 120 112 98 74 47 44 46 49 49 49 49 50 53 56 62 65 68 70 72 74 76 77 77 78 78 78 78 80 79 79 80 80 79 78 80 80 80 80 80 79 78 79 78 78 78 77 77 78 78 78 78 79 79 79 78 77 77 76 76 75 73 74 72 72 70 68 64 70 85 98 109 115 109 107 105 104 105 106 106 105 107 105 106 110 113 116 119 124 160 186 191 184 129 74 70 69 69 68 70 67 68 68 68 70 70 69 68 68 68 68 67 67 68 82 137 168
112 112 112 111 110 110 110 110 111 111 115 121 120 113 93 66 44 43 47 49 51 52 51 51 53 57 61 65 70 71 72 74 76 77 77 77 78 77 78 79 79 80 79 80 79 80 80 81 82 81 80 80 78 79 76 77 77 78 78 77 78 78 79 79 80 79 79 78 77 77 76 75 74 74 72 72 71 68 65 63 76 89 102 112 112 109 106 104 105 106 107 107 108 108 109 110 113 115 117 117 134 175 190 193 169 98 72 70 69 70 69 70 69 67 68 70 70 69 69 69 68 68 69 69 67 68 101 155
114 112 113 112 111 110 111 110 111 114 120 122 122 111 88 64 46 45 47 49 51 51 53 54 54 57 62 66 69 72 74 75 76 77 79 79 79 79 79 81 80 80 80 81 80 80 80 80 81 81 80 80 79 79 77 77 76 78 78 78 79 80 79 79 80 78 79 79 77 76 76 76 75 74 73 72 72 70 66 61 67 80 94 105 113 109 106 105 105 107 109 109 108 109 110 111 112 114 114 115 116 155 186 193 191 144 82 72 71 70 70 70 70 69 69 69 70 70 69 70 68 70 69 69 67 67 74 120
114 114 113 112 111 112 110 111 112 119 122 124 122 109 85 64 45 45 47 51 51 53 54 55 56 57 62 66 71 71 73 75 77 77 80 80 80 79 80 81 81 82 81 81 82 81 81 81 81 81 81 80 79 80 78 78 76 78 77 78 80 80 79 79 79 79 79 79 77 77 76 76 76 75 75 72 71 70 66 63 62 71 85 97 108 112 108 106 107 109 110 111 113 111 113 111 112 110 113 113 115 126 171 191 194 180 119 75 74 72 71 71 71 69 68 69 70 70 70 69 69 70 68 69 69 66 64 42
114 114 113 113 113 114 112 113 116 122 124 124 121 107 84 64 47 45 49 52 53 54 54 55 56 58 62 67 70 72 74 76 77 78 80 80 79 80 81 82 80 82 81 81 82 81 82 82 82 81 81 80 80 80 78 78 78 77 78 79 78 80 79 79 79 79 80 79 77 77 77 77 75 76 75 74 74 70 67 64 61 64 77 89 101 112 111 110 111 114 113 113 114 114 113 113 111 110 111 113 113 113 144 180 193 195 163 96 75 73 73 72 71 69 70 69 69 70 70 69 72 71 71 69 71 59 26 3
115 114 113 113 113 113 113 116 121 124 124 122 117 104 85 64 46 46 49 54 55 55 56 55 56 58 62 67 71 72 74 77 78 78 78 80 81 81 80 80 82 81 82 82 82 81 82 81 81 82 80 81 81 80 81 79 78 79 78 79 80 81 80 81 80 81 80 80 79 78 78 78 77 76 75 76 73 72 68 64 63 61 69 84 99 108 115 114 113 116 118 117 116 115 113 113 111 111 109 111 111 113 118 163 190 198 192 142 82 76 74 72 71 72 70 69 70 70 70 71 72 72 71 70 55 20 2 2
114 114 113 114 115 113 113 118 122 124 122 119 114 103 85 63 48 46 50 54 55 56 55 55 55 58 63 67 71 72 73 76 77 79 80 81 81 81 80 81 80 82 82 82 83 83 82 81 81 80 80 79 80 80 80 78 78 76 77 77 80 81 81 80 81 82 82 81 80 79 80 77 77 78 76 75 74 72 69 66 63 62 65 78 94 108 114 116 116 116 119 118 118 115 115 113 112 111 112 112 110 111 112 132 178 197 201 181 114 79 74 73 73 73 72 70 70 70 70 72 72 74 71 51 13 1 1 1
115 113 114 115 115 114 116 121 124 122 119 117 113 105 86 64 46 47 51 54 56 56 55 54 56 59 62 67 70 72 74 77 78 79 79 81 79 81 80 79 81 82 82 82 81 81 81 80 81 79 80 79 76 78 78 78 78 78 77 78 79 79 79 80 80 82 82 81 81 80 79 78 78 76 76 77 75 72 70 66 64 63 64 73 91 105 113 116 117 116 117 118 118 116 114 115 112 111 111 110 110 111 111 113 154 191 202 203 162 93 79 76 75 74 73 72 69 70 71 72 74 73 50 9 1 1 1 2
113 114 116 116 116 115 121 124 125 121 117 114 114 106 87 63 46 47 50 54 55 56 55 53 56 58 62 67 71 73 74 76 77 77 80 79 80 79 80 79 80 82 81 82 82 81 81 80 80 81 78 75 75 75 76 77 76 76 77 76 77 78 80 80 80 80 81 81 81 79 78 77 77 77 76 76 74 72 71 67 65 64 65 73 86 101 111 113 116 116 116 117 116 117 114 114 114 113 112 114 112 110 112 111 122 173 197 207 196 137 84 79 75 75 73 72 71 71 70 71 72 45 8 2 1 2 3 3
116 116 118 117 117 121 124 127 125 120 116 113 114 106 88 65 47 47 51 52 54 55 55 54 56 57 61 66 70 71 73 75 77 78 78 78 78 79 79 79 80 81 81 81 80 80 80 79 79 79 76 75 73 72 74 76 76 76 76 76 76 78 79 78 80 79 79 79 79 78 78 77 77 77 77 76 75 72 70 67 66 65 66 73 85 97 108 111 114 114 115 116 116 116 115 114 115 114 114 115 112 111 111 110 108 143 187 206 210 184 109 80 77 75 74 71 71 70 70 69 43 5 2 2 2 2 3 3
117 117 118 118 121 124 124 123 124 119 115 114 114 105 86 64 46 46 49 54 55 53 53 53 54 57 61 66 70 71 73 74 75 76 77 78 78 78 77 79 79 79 80 79 79 79 79 78 78 77 76 74 72 72 74 75 75 75 75 75 77 78 78 78 78 78 79 79 79 79 77 77 77 76 76 76 74 73 70 67 66 64 65 73 83 95 103 108 112 113 114 114 115 113 115 114 115 116 114 114 112 110 110 108 108 113 166 199 211 208 161 88 77 74 71 71 70 71 68 39 5 1 1 2 3 3 3 2
118 119 119 119 125 124 123 121 120 118 114 115 115 104 86 63 47 45 48 54 55 53 52 52 53 56 62 65 69 71 71 73 74 75 75 77 76 76 78 78 78 79 79 79 79 79 78 78 79 79 76 75 75 74 75 75 75 75 75 75 76 78 79 78 78 78 79 80 78 79 77 77 77 76 75 76 74 72 70 68 66 65 66 73 82 92 98 105 108 112 113 113 113 113 114 114 114 115 113 113 110 109 106 104 105 106 131 186 209 214 195 128 80 73 70 68 69 68 39 4 1 2 2 3 3 3 2 2
118 119 119 124 128 119 117 116 116 119 117 115 114 104 86 63 46 45 48 52 55 54 55 54 55 57 61 66 69 70 71 72 74 74 76 76 76 78 79 78 78 78 79 79 79 79 81 79 81 78 78 78 78 79 82 93 97 95 90 82 74 78 79 78 79 79 80 79 78 79 77 78 77 77 76 77 73 72 71 67 66 65 66 72 81 90 97 99 105 107 111 111 110 112 112 114 113 113 112 110 108 104 103 102 102 104 109 157 199 211 211 172 94 75 69 67 65 37 5 1 2 2 3 4 3 2 1 0
120 119 120 128 123 113 110 108 113 119 118 117 115 105 87 64 46 45 48 52 55 56 53 56 56 58 63 66 70 71 73 73 75 76 75 78 78 79 79 79 78 79 78 79 80 80 81 80 80 88 89 99 102 109 119 129 134 134 143 147 138 123 99 78 77 78 78 79 79 78 79 77 77 75 76 75 73 72 71 67 65 64 64 72 80 91 94 96 101 104 108 110 109 111 112 112 113 110 109 107 105 102 102 100 101 101 105 122 176 204 210 202 144 81 74 69 35 4 2 2 2 3 2 3 2 1 1 2
119 119 125 125 116 104 98 99 113 120 119 118 117 107 88 65 46 45 48 52 55 55 54 56 56 59 62 67 69 72 72 75 75 76 77 78 78 79 80 81 80 79 79 80 80 79 80 89 97 105 100 102 109 123 124 130 140 140 136 131 140 143 155 151 130 92 77 78 80 78 77 77 76 76 76 75 73 71 69 66 65 63 65 72 82 90 95 95 98 101 105 108 109 109 109 108 106 107 105 104 102 100 98 97 99 100 102 105 140 189 211 215 192 115 78 44 6 2 1 2 3 3 3 3 1 2 2 2
119 122 128 120 108 92 84 96 112 121 119 119 117 106 89 65 44 44 46 48 52 54 54 55 56 59 62 67 69 72 72 74 75 75 77 78 78 80 80 80 79 77 80 86 89 83 86 99 99 102 101 107 109 112 119 123 126 142 134 139 146 146 150 160 161 164 131 81 78 78 77 77 75 76 75 74 73 72 69 66 65 63 64 72 81 93 96 95 96 100 102 106 108 107 105 105 104 103 103 102 100 100 97 97 97 99 102 101 108 163 200 211 210 171 65 11 2 2 2 4 4 2 3 1 1 2 2 2
120 126 125 111 95 75 75 97 114 123 121 119 117 108 88 64 43 41 43 46 48 49 52 52 56 57 62 65 70 70 71 73 74 76 76 76 78 78 79 77 82 102 101 89 82 77 80 89 88 87 98 101 108 112 118 126 128 129 143 142 147 155 152 160 163 163 164 160 105 74 78 75 76 77 75 75 72 72 69 66 64 61 64 73 83 94 99 98 97 98 100 100 104 106 103 100 98 100 102 101 101 99 98 97 97 97 100 101 102 123 179 209 216 174 25 3 2 3 3 3 4 3 1 2 2 2 4 4
125 127 117 102 79 61 72 95 114 122 121 119 117 107 88 63 41 40 42 46 46 49 49 52 54 56 59 64 68 70 70 72 73 73 75 76 77 76 76 114 69 77 75 75 75 77 81 86 86 86 92 96 104 107 115 116 131 136 139 155 153 151 158 155 162 162 167 163 163 134 81 76 75 76 75 73 72 71 68 65 63 63 63 72 85 96 103 103 98 96 95 95 97 102 103 98 97 99 101 102 99 99 97 97 97 98 99 100 102 103 137 195 177 62 6 3 2 4 4 4 3 1 2 3 2 3 4 7
129 122 108 87 63 50 73 95 115 122 121 120 117 105 87 65 41 40 43 45 47 49 49 49 52 56 59 63 67 69 71 71 73 73 74 75 76 76 80 81 68 73 75 75 77 74 84 88 84 86 92 90 98 101 111 119 129 142 142 144 154 148 161 163 163 167 169 173 164 167 166 104 75 76 75 73 72 70 68 66 64 62 63 71 87 100 108 107 103 98 92 89 90 93 103 101 98 99 101 101 100 97 98 97 100 98 97 99 100 102 106 137 57 5 3 3 4 5 3 4 2 2 4 2 3 6 12 4
125 114 97 72 48 52 72 95 114 123 122 120 117 105 87 63 41 40 43 46 48 47 49 51 52 55 59 63 66 70 70 71 72 73 74 76 76 73 103 70 72 68 70 73 79 78 83 80 89 91 89 94 97 101 107 114 125 125 141 149 152 163 163 169 166 174 170 171 167 171 165 169 130 91 73 74 72 69 67 64 63 61 63 72 87 103 111 112 107 101 89 80 77 82 95 102 99 100 102 102 98 98 96 97 99 99 99 99 98 100 94 42 3 3 2 4 4 5 4 2 3 4 3 3 6 17 10 14
118 104 81 55 47 50 71 94 115 124 123 122 117 106 86 63 42 41 43 47 49 50 49 51 54 56 59 63 67 70 70 72 73 73 75 76 76 88 76 69 65 67 73 73 75 80 78 85 84 86 91 92 96 96 108 109 120 134 143 155 160 158 159 165 168 173 172 161 169 177 201 211 216 227 136 71 71 68 67 64 62 61 62 71 87 104 112 112 108 102 89 72 65 69 84 97 100 99 100 103 97 98 98 98 96 98 98 98 98 97 55 4 2 2 4 6 4 5 2 2 5 3 3 6 17 16 14 62
110 90 65 47 48 51 72 95 114 124 124 122 116 106 85 63 43 41 44 48 50 51 51 51 54 55 60 64 67 70 71 73 74 74 74 76 76 79 68 67 68 71 73 73 77 76 78 79 81 88 88 92 92 100 97 112 120 131 148 154 159 163 164 164 163 150 173 194 207 201 205 198 205 212 212 92 72 70 67 64 62 62 63 71 88 104 111 111 108 102 90 69 51 53 71 87 99 97 99 101 98 97 97 98 98 97 98 98 98 70 10 2 3 4 6 4 5 2 3 6 4 3 6 14 25 24 55 100
99 74 50 47 48 51 72 95 115 124 124 121 117 105 85 62 41 40 45 47 49 52 53 53 54 56 59 64 68 70 72 72 74 74 76 77 77 67 66 69 71 70 75 74 76 73 75 84 86 91 93 96 95 99 100 112 119 134 145 149 155 165 155 141 174 207 205 192 197 202 195 200 190 200 211 193 75 70 66 63 63 61 62 73 87 103 112 111 108 103 90 69 41 37 57 77 93 98 98 99 98 98 96 97 97 97 97 96 85 24 2 2 3 6 5 6 4 2 5 4 3 6 12 23 28 55 94 100
85 57 45 48 47 49 71 93 113 123 122 121 116 105 85 62 43 41 45 47 50 53 52 52 54 55 61 64 67 71 71 73 74 75 75 78 67 65 68 68 68 74 73 74 69 75 81 83 86 93 95 98 101 102 108 107 116 128 144 148 153 130 159 193 200 192 196 198 197 199 194 192 196 205 206 217 172 68 67 65 64 62 63 73 87 103 112 110 108 104 91 70 40 24 41 63 82 97 98 97 97 97 96 96 96 96 95 90 40 3 2 3 6 6 7 5 2 7 5 2 5 9 20 32 53 87 104 96
68 47 48 47 47 50 70 93 113 122 123 121 117 105 84 61 42 41 45 46 49 51 52 52 55 56 60 64 67 70 72 72 74 75 77 70 66 68 67 68 72 73 70 68 74 79 86 87 91 95 101 105 108 97 101 106 116 127 140 127 137 186 193 184 190 200 195 186 182 189 196 208 198 196 196 205 210 138 63 66 64 63 63 73 89 105 112 111 107 103 91 71 41 17 28 50 72 89 98 97 96 95 96 96 96 95 95 61 7 2 3 5 5 5 5 2 6 10 3 6 8 16 29 54 88 98 99 105
52 46 47 48 47 48 70 91 112 121 122 120 117 106 84 63 42 41 44 47 50 51 52 52 54 56 60 64 67 70 72 74 73 75 78 68 68 67 66 68 72 71 74 76 76 84 85 88 94 93 97 99 100 100 100 108 117 132 112 155 177 187 182 198 183 185 179 182 192 186 187 189 191 201 202 198 204 215 201 84 66 64 64 73 89 104 113 111 108 102 91 71 41 16 16 37 59 78 95 99 97 95 96 97 96 96 78 17 2 3 5 7 6 4 3 4 11 4 5 7 13 24 49 86 98 102 104 119
47 47 47 47 47 50 68 92 112 121 121 120 116 106 83 62 43 41 45 47 49 51 52 50 53 57 60 65 68 70 72 73 74 86 70 65 68 70 69 71 70 72 73 77 88 85 90 97 97 99 96 97 95 97 102 107 104 119 165 177 175 178 174 170 180 180 181 182 195 194 200 196 200 193 198 198 201 196 199 210 75 64 64 74 88 104 111 111 106 101 90 70 42 18 13 25 44 70 88 97 99 96 96 97 97 92 38 2 2 4 8 7 6 5 3 6 4 4 11 11 18 42 85 97 97 102 119 121
46 47 46 47 48 49 69 92 111 119 119 118 116 106 85 62 42 40 44 47 49 51 53 52 54 57 60 64 68 71 72 74 90 100 66 66 65 68 70 69 71 72 77 79 86 91 97 97 94 96 97 98 93 91 97 101 145 153 164 177 167 171 173 171 163 179 193 191 186 202 191 197 198 198 198 194 191 203 209 205 166 66 66 74 89 104 112 111 106 101 89 71 43 20 16 15 32 55 77 93 97 94 96 97 97 62 7 3 3 8 7 6 5 3 5 5 4 12 12 13 36 81 101 94 100 117 119 121
47 47 46 46 48 48 66 91 110 119 121 119 116 105 85 62 41 41 42 46 49 51 51 52 54 56 61 64 68 71 72 71 134 83 68 64 66 67 68 72 74 77 80 83 85 97 95 90 96 97 97 90 91 81 113 146 156 174 155 158 172 161 161 178 182 177 185 195 197 189 194 195 187 187 193 204 193 203 205 211 221 132 66 74 89 104 110 110 108 103 90 71 45 23 18 18 23 42 67 131 169 159 120 121 81 21 2 3 5 10 6 5 4 5 6 4 9 16 11 25 75 100 94 97 116 120 119 119
45 45 44 45 46 47 66 90 109 119 120 118 116 107 86 62 41 40 43 46 48 50 49 50 52 56 59 64 67 71 73 82 156 74 68 65 66 70 70 69 73 76 83 87 92 89 98 91 92 97 84 86 85 128 140 168 153 146 167 155 147 164 168 176 179 184 180 182 191 187 182 188 197 191 192 197 202 198 199 205 217 204 63 77 91 104 111 112 110 104 93 73 47 25 22 19 19 63 189 190 168 182 198 191 85 6 2 4 10 7 7 4 4 5 4 7 16 12 24 65 99 98 98 113 120 119 119 119
44 45 45 46 48 48 67 89 110 120 121 118 118 107 85 61 40 39 40 45 48 49 51 51 53 56 58 63 67 70 72 130 133 76 67 66 68 67 71 73 75 77 83 89 88 87 84 95 90 85 80 95 135 147 144 151 146 149 140 160 161 162 168 173 177 175 177 174 170 179 192 189 193 191 190 192 195 196 189 193 203 220 122 77 92 104 113 114 111 106 94 73 49 29 25 23 109 212 162 178 210 217 208 212 176 2 4 7 11 7 5 2 6 5 5 15 14 18 50 97 100 96 111 119 119 119 118 118
44 46 48 48 50 50 67 89 110 121 123 122 118 106 85 61 41 39 42 46 50 52 55 55 57 58 62 66 70 73 71 162 123 74 64 66 66 72 67 74 74 84 83 78 76 80 92 88 85 76 106 134 149 138 131 139 145 148 157 144 166 171 165 166 167 175 159 173 177 184 178 190 181 186 184 186 197 194 200 196 191 207 209 83 95 108 116 116 113 107 95 74 51 32 35 162 198 144 195 209 197 197 184 192 215 16 9 9 9 5 5 5 4 5 12 18 17 38 89 102 98 110 119 118 119 119 120 118
45 47 48 50 53 54 68 90 111 122 124 123 120 108 87 63 41 40 43 47 50 55 57 57 58 61 65 67 72 75 78 173 121 68 66 65 66 61 70 73 84 79 76 77 85 85 85 87 75 109 129 142 131 128 143 136 157 146 148 161 160 162 165 161 154 158 171 181 179 176 178 171 186 181 191 190 184 182 190 191 193 194 201 169 91 112 117 118 115 108 95 74 49 80 200 178 151 204 200 193 178 182 184 195 212 29 17 10 7 4 4 6 4 7 17 15 25 73 105 99 108 117 120 119 120 120 119 119
48 49 52 55 57 57 70 91 111 122 124 125 123 112 90 64 43 42 46 49 55 57 57 58 60 62 65 69 72 76 99 173 106 71 65 64 60 71 74 76 78 74 78 79 89 86 85 71 112 119 130 114 137 128 135 147 146 156 149 153 154 152 154 140 155 168 159 170 174 175 177 179 176 189 144 165 185 183 186 187 187 183 191 201 191 111 119 120 117 110 95 81 162 198 160 175 204 196 188 181 180 181 194 196 199 25 18 10 7 5 6 5 8 17 16 10 52 102 104 103 117 120 119 118 119 119 119 118
51 52 53 55 57 58 72 91 112 121 125 125 124 114 93 67 45 43 46 49 55 58 57 58 59 61 65 70 73 77 125 161 92 75 64 65 68 66 66 72 72 79 83 84 77 79 75 112 119 117 107 126 112 141 140 146 146 146 149 144 154 147 134 161 153 158 165 160 165 169 175 182 182 142 158 167 179 184 184 182 179 176 175 181 188 157 119 121 115 110 155 198 175 163 190 201 192 183 182 180 183 191 194 193 177 16 16 10 5 6 5 5 13 19 16 33 89 107 103 115 120 119 117 118 118 118 118 117
52 54 53 55 57 62 74 94 112 123 126 130 125 116 93 67 46 44 47 50 53 55 57 56 58 60 64 67 73 74 145 141 99 78 67 66 62 61 68 68 71 80 76 76 79 82 106 112 113 108 116 108 131 126 148 140 136 134 147 156 127 142 149 145 158 150 150 153 151 169 161 162 146 167 162 158 167 170 171 167 167 172 163 166 166 177 116 118 140 187 179 161 177 199 191 183 181 181 185 184 184 190 195 193 144 18 16 11 5 5 3 8 18 23 34 71 104 105 110 120 120 119 119 118 119 119 117 118
53 54 54 56 58 62 73 94 114 125 129 132 128 119 95 66 47 43 46 49 54 55 57 57 57 58 63 68 72 71 174 143 103 83 68 66 66 66 68 70 76 74 81 83 80 107 112 103 108 105 109 122 124 135 124 134 140 139 134 125 142 143 150 147 145 146 149 153 165 155 143 156 162 150 160 169 169 163 164 154 162 157 161 156 158 165 153 178 181 164 173 190 193 188 182 180 183 187 184 179 171 190 194 194 110 20 19 7 7 5 5 14 21 31 53 99 106 108 117 122 121 120 118 119 119 118 118 118
52 53 53 56 59 63 75 95 116 128 132 133 130 119 95 68 46 44 47 50 52 56 56 55 58 59 64 67 72 75 196 148 112 86 77 69 64 68 71 74 76 79 82 76 105 104 101 111 95 106 112 115 124 118 130 139 139 133 125 142 139 144 140 144 146 139 143 153 148 155 153 153 155 163 159 163 158 149 145 155 155 149 150 137 149 176 171 163 175 186 196 181 181 182 179 179 184 184 184 153 171 182 185 189 58 22 12 5 5 5 10 22 22 41 87 108 105 115 122 122 121 120 120 120 119 119 119 119
52 53 53 55 57 61 72 98 117 128 133 132 128 118 94 68 46 44 47 50 52 57 56 55 57 60 64 69 72 84 191 144 111 103 88 77 67 67 68 68 76 76 78 98 105 98 107 89 105 113 118 110 106 121 133 137 120 130 146 136 132 143 145 141 139 142 136 137 149 147 147 156 148 157 162 149 146 151 142 140 150 139 129 165 174 155 170 186 193 190 181 177 184 181 180 182 185 185 150 127 148 164 171 166 19 17 7 6 5 6 17 20 23 62 106 105 110 120 123 123 122 122 121 120 121 120 121 120
52 52 50 54 57 62 73 98 118 129 133 130 126 117 95 67 47 44 48 50 54 55 56 57 58 60 63 68 73 84 187 143 129 109 101 84 72 60 68 75 72 78 102 97 95 107 79 103 111 113 110 112 119 107 123 111 134 137 128 133 134 129 140 128 132 129 135 127 128 140 143 145 154 144 147 143 135 150 146 131 127 150 173 160 166 180 187 183 172 170 176 179 183 179 180 184 184 169 122 126 128 119 147 98 19 10 8 6 5 14 17 27 48 95 108 106 118 121 122 121 121 122 121 122 121 122 120 120
51 50 51 52 57 62 72 98 118 128 130 129 126 118 95 68 47 44 48 51 54 54 56 57 57 60 64 67 72 91 178 142 127 117 103 95 70 64 69 68 80 99 93 95 98 79 98 100 112 103 108 109 116 118 104 128 122 122 133 128 130 128 122 132 128 123 125 130 132 134 139 132 136 144 132 137 131 134 132 139 166 154 161 172 188 181 174 165 172 171 178 182 183 183 183 188 187 127 127 125 101 125 166 32 13 8 7 5 8 19 18 38 80 109 105 112 119 121 122 120 120 121 121 120 120 121 121 120
52 49 52 53 56 61 73 98 118 127 132 128 127 118 96 69 46 45 47 52 53 54 55 57 58 61 63 67 73 111 168 149 128 119 103 100 83 71 68 80 98 96 92 92 82 99 101 106 99 100 98 114 107 106 124 116 118 119 115 115 116 127 130 118 115 128 127 129 126 129 130 129 125 122 130 124 126 123 153 155 151 171 178 174 162 165 168 173 174 181 185 186 182 183 189 189 155 123 120 115 113 120 148 10 11 9 6 5 14 17 24 53 103 106 107 120 121 121 120 120 120 120 119 120 119 120 119 120
50 52 52 53 58 64 76 98 117 127 131 130 128 119 99 70 47 45 47 52 52 55 54 56 57 59 64 67 72 126 177 162 144 128 111 111 91 71 77 98 86 90 91 82 97 96 103 98 90 89 110 106 99 120 117 109 100 105 110 101 90 87 81 124 123 120 120 122 122 121 121 126 124 124 116 119 142 158 142 167 174 176 163 160 166 168 175 175 180 184 186 186 184 186 190 185 121 118 100 79 88 166 76 14 11 11 6 9 19 18 34 82 110 101 116 120 120 120 120 120 119 120 119 119 118 119 119 118
53 51 52 55 60 65 77 100 118 130 134 132 130 120 99 70 47 44 48 51 54 55 55 56 59 60 64 67 72 128 187 168 144 132 125 118 105 76 85 86 86 91 77 92 101 96 98 83 91 102 96 98 109 101 69 84 80 66 60 72 101 116 82 81 91 104 112 106 91 105 103 77 78 113 111 151 143 146 179 176 168 168 167 170 170 176 178 181 183 186 185 187 183 188 192 134 108 72 64 77 138 176 16 13 10 8 5 14 20 23 54 102 106 110 121 120 122 121 120 119 119 119 118 118 119 119 117 118
53 53 53 57 60 66 79 102 119 131 134 134 132 121 101 72 47 44 47 51 53 56 57 58 60 61 64 67 71 124 191 175 157 139 115 113 115 81 82 80 87 76 89 97 95 92 82 89 92 93 94 100 101 80 94 79 62 51 46 34 97 109 80 70 61 37 44 46 49 34 24 38 19 111 147 125 151 175 171 166 171 172 169 168 174 176 180 181 183 187 181 184 183 163 110 80 64 66 74 120 173 64 15 10 10 5 7 19 14 30 84 107 105 117 122 122 122 121 120 120 119 118 119 118 118 117 117 116
55 55 54 56 61 68 79 102 120 131 134 134 132 122 101 72 47 43 47 51 54 57 57 59 59 60 63 66 73 95 198 175 177 137 101 100 90 78 78 83 71 87 94 93 92 83 90 90 89 86 97 95 69 87 71 63 63 64 55 39 48 62 44 23 19 36 23 21 5 0 16 16 97 129 123 176 179 169 166 166 170 169 167 170 172 173 174 180 183 180 182 139 93 69 68 66 67 83 123 151 106 13 13 12 8 5 13 18 12 51 101 105 111 124 123 123 123 122 121 120 119 118 118 118 119 116 117 115
57 57 57 56 63 68 81 103 119 131 132 133 131 122 102 72 47 44 47 51 55 57 58 58 58 60 63 66 71 73 197 184 177 142 99 100 103 84 82 72 83 95 93 87 80 87 91 89 83 94 88 69 82 77 58 63 45 31 18 23 28 45 41 38 40 30 13 20 3 9 10 123 107 141 158 157 167 167 165 164 164 166 165 169 170 170 173 170 177 150 79 70 68 66 72 85 106 135 155 48 13 14 10 7 7 8 22 15 23 79 106 105 119 125 124 123 123 124 122 121 120 119 119 117 117 116 116 115
59 59 58 59 62 67 78 103 119 130 132 132 130 122 102 73 48 44 47 52 54 57 58 58 58 60 62 66 71 72 171 181 175 147 109 108 109 96 72 76 92 94 87 79 84 88 85 82 96 89 71 75 78 55 30 26 24 12 10 19 43 37 16 27 32 30 11 25 0 30 136 100 143 162 147 151 161 160 160 157 159 162 164 166 168 167 169 144 89 88 81 71 80 99 118 122 128 147 58 14 14 9 10 6 5 13 20 14 46 100 105 111 125 126 125 125 124 124 122 122 121 120 119 119 117 118 117 115
61 61 60 59 62 66 79 101 119 131 132 133 131 122 103 73 48 43 46 52 55 57 57 58 58 59 62 66 70 75 122 189 170 164 133 109 106 83 79 95 91 84 76 83 88 82 74 83 85 88 77 67 35 19 27 11 1 3 2 37 40 10 14 40 21 14 1 40 61 129 102 162 163 152 149 152 151 151 153 152 157 159 159 164 162 153 81 66 71 82 109 123 128 126 126 127 153 52 12 13 10 8 10 7 8 19 16 24 76 104 105 120 125 126 128 126 125 124 123 122 122 120 119 119 118 119 118 116
60 60 60 59 62 66 78 101 120 131 134 134 132 123 103 73 48 43 48 49 55 56 57 57 57 58 61 67 71 75 84 200 179 171 140 131 102 78 91 94 89 74 83 83 79 78 88 84 63 59 61 23 16 22 6 3 7 0 13 24 10 15 39 40 17 33 1 101 110 106 165 166 155 147 150 148 147 144 142 153 157 155 157 154 107 46 65 80 72 74 105 118 129 131 134 147 51 5 12 8 8 8 8 5 10 19 15 41 91 101 110 125 127 127 128 127 126 125 124 124 122 120 121 119 119 118 117 117
61 60 60 59 60 64 76 100 120 133 135 135 133 123 104 74 46 43 47 51 53 56 56 56 58 59 62 66 71 75 77 137 198 172 135 147 88 95 93 84 73 85 84 79 77 82 76 67 44 33 25 22 20 7 2 26 0 1 19 7 7 19 12 26 20 45 55 86 118 166 169 162 156 150 148 149 139 141 145 151 159 153 144 122 69 63 61 55 80 74 86 109 125 138 121 12 3 7 9 8 9 10 5 6 14 17 25 60 90 93 119 126 128 127 127 127 127 126 126 124 123 121 121 121 120 118 118 116
62 61 60 60 61 64 74 98 119 132 136 135 133 124 105 74 47 43 46 50 52 55 56 57 57 59 62 67 71 73 78 76 186 164 164 142 101 88 89 81 82 84 85 77 72 69 74 61 45 36 24 29 3 2 8 26 0 6 11 6 15 14 12 25 43 73 72 104 160 159 164 154 149 146 149 142 140 149 153 152 148 148 153 137 95 61 71 62 66 82 80 110 132 76 7 3 4 8 9 7 10 9 5 8 20 19 36 77 88 97 126 130 127 127 127 128 127 126 126 125 124 123 123 121 119 118 118 116
62 61 60 61 61 61 73 97 118 133 135 136 135 124 104 75 48 42 46 50 53 56 57 57 57 59 63 66 72 74 76 80 121 200 166 148 103 87 75 75 84 76 69 80 80 73 57 29 25 29 28 20 5 3 10 14 4 7 0 2 6 11 19 27 42 58 89 126 148 145 152 142 135 142 141 145 144 141 150 157 156 157 155 153 128 70 44 57 38 68 80 93 65 16 2 3 4 8 10 10 9 6 5 16 18 24 55 87 85 108 126 128 130 128 126 128 127 126 126 125 124 123 123 122 121 119 118 116
62 60 60 60 61 60 70 96 117 132 135 135 135 125 105 76 47 43 46 49 55 56 57 57 59 59 63 68 72 73 76 80 116 203 184 143 89 87 77 80 72 78 87 82 68 52 45 27 11 4 16 15 16 4 12 18 22 0 0 0 1 1 14 66 56 94 126 144 148 155 143 132 137 146 145 134 139 150 158 165 158 158 159 154 131 82 49 21 46 43 76 89 61 13 3 3 8 9 10 10 9 6 6 19 15 32 79 90 91 117 125 128 128 128 126 125 126 126 126 126 125 123 123 122 122 120 119 117
60 60 60 59 60 59 70 95 116 131 135 135 134 125 106 77 49 43 46 52 56 57 57 59 59 60 63 68 72 73 75 80 106 201 189 95 82 79 80 74 76 81 81 68 55 18 13 18 2 1 5 14 16 6 11 3 39 16 8 0 1 10 90 65 129 98 149 149 160 152 133 128 137 152 131 133 146 157 160 166 165 165 166 164 145 94 51 25 25 32 79 93 42 10 3 5 9 11 9 11 7 5 9 18 19 50 93 89 107 116 115 122 126 128 127 125 124 124 125 125 123 123 122 121 122 120 118 116
60 60 59 59 59 60 70 95 117 131 135 136 135 125 107 77 49 45 46 51 56 57 58 58 59 60 65 66 78 75 78 80 82 193 168 85 81 75 71 82 76 66 55 47 37 10 26 1 3 3 1 9 8 8 14 2 24 10 6 1 8 106 84 140 129 107 136 144 151 144 135 132 149 124 129 140 150 160 164 170 167 172 177 176 159 113 59 22 13 33 58 97 37 15 6 8 8 9 12 10 5 5 16 13 27 74 96 97 118 116 115 115 115 120 120 123 123 123 124 124 122 122 121 121 121 119 118 116
61 60 59 59 59 59 69 94 117 131 135 137 135 127 106 77 50 44 49 51 56 57 58 60 60 62 64 88 81 75 78 81 82 151 156 86 84 73 79 80 80 55 40 22 18 6 22 0 11 4 0 3 3 3 22 27 2 30 1 4 100 86 139 142 137 119 141 151 160 138 136 132 116 126 134 148 153 160 166 170 170 177 179 179 166 130 69 34 6 23 39 97 45 11 3 8 11 9 12 9 4 8 20 12 37 93 94 110 123 120 117 117 116 115 114 116 117 117 121 122 124 122 121 119 119 118 117 116
59 59 61 59 59 59 70 94 117 132 136 136 136 126 107 77 50 46 48 53 57 58 58 60 61 63 66 73 72 76 78 82 83 86 182 86 76 84 81 77 68 51 17 12 4 0 17 6 2 4 3 1 7 0 24 19 15 61 1 91 84 133 138 156 151 121 132 161 147 131 126 116 124 132 136 147 158 164 166 172 172 177 180 183 176 141 79 43 9 8 27 99 58 8 5 10 9 10 13 6 5 13 17 19 68 99 98 119 127 126 123 119 118 117 117 116 113 112 112 114 116 118 118 118 116 116 117 115
60 59 59 59 59 59 70 95 118 131 137 136 136 126 107 77 51 45 48 54 57 58 60 61 60 63 68 74 72 73 77 79 80 88 105 83 83 87 79 72 45 17 4 21 3 2 9 6 12 2 4 4 11 2 3 18 0 34 77 86 125 126 136 152 156 124 137 150 125 119 116 123 131 135 140 144 156 162 167 169 172 173 180 180 179 151 94 49 15 3 27 77 65 19 4 11 12 10 11 5 6 18 14 35 86 97 105 124 126 125 125 125 126 124 122 119 116 113 109 111 110 109 109 112 114 117 116 116
59 59 58 59 59 59 69 93 116 131 136 137 136 129 108 79 53 46 49 54 58 59 61 61 62 64 68 70 75 77 79 79 82 94 87 99 81 77 69 64 18 23 0 22 8 3 4 21 10 2 4 14 0 14 8 23 4 47 69 116 128 129 126 156 153 148 145 123 114 122 122 127 134 139 141 140 151 158 162 164 167 169 173 176 175 160 106 51 19 4 24 62 82 20 14 11 10 12 9 5 10 17 18 54 95 95 115 125 127 126 125 125 127 129 127 123 119 117 113 112 110 107 105 106 107 110 111 112
59 58 58 59 59 60 69 92 116 132 137 137 137 128 108 79 52 46 49 52 57 60 59 61 62 63 67 70 75 77 80 101 117 73 57 81 79 77 67 35 17 19 1 26 1 3 11 5 1 1 3 8 1 22 21 16 28 93 110 135 143 132 126 156 160 145 82 62 74 88 102 121 136 142 139 139 142 151 158 157 160 163 163 168 164 137 89 35 9 3 21 48 93 26 17 9 11 15 7 6 13 17 28 75 96 98 121 124 125 124 124 123 125 125 126 124 120 119 118 117 114 112 110 109 107 107 104 103
59 58 59 58 60 59 67 92 115 131 137 138 138 129 109 79 51 47 48 54 58 60 60 61 60 63 68 70 74 78 81 112 79 40 28 72 124 56 41 16 35 1 12 32 1 1 4 2 2 3 1 18 13 16 12 6 101 93 137 144 161 121 139 159 137 85 99 96 80 56 47 57 84 121 133 133 136 146 153 151 152 152 149 134 98 63 48 33 15 5 16 34 99 31 16 15 14 12 5 6 20 22 38 89 93 109 124 123 124 122 123 123 122 123 122 123 120 119 118 119 118 118 115 113 109 107 105 99
59 59 59 60 59 58 67 91 115 132 138 139 138 129 109 81 52 46 48 54 58 60 60 60 61 64 67 72 75 85 110 97 102 50 28 68 67 43 24 26 13 9 20 27 0 5 2 3 16 1 3 1 24 14 6 75 93 144 138 163 146 128 161 114 72 79 85 63 103 75 58 56 53 67 109 120 127 140 152 149 145 130 93 66 63 59 64 44 25 9 12 32 98 41 13 15 15 10 7 12 18 26 58 95 96 118 123 122 123 122 121 121 121 121 121 122 120 120 118 119 119 117 118 115 113 111 106 99
59 58 60 58 58 57 66 91 115 132 139 139 138 129 109 82 52 46 49 55 58 60 60 61 62 64 68 78 99 105 114 109 118 107 91 38 21 6 19 35 16 24 4 7 10 10 1 0 22 2 3 6 4 15 34 90 136 134 153 166 136 150 86 50 42 31 25 12 26 17 45 66 75 75 88 109 116 138 150 152 140 100 62 36 18 16 13 20 19 4 9 34 99 47 13 19 16 7 8 15 19 25 78 98 102 121 123 122 121 120 120 120 120 120 119 120 120 119 118 117 117 118 117 113 112 109 108 103
56 54 54 54 54 52 63 89 115 133 139 139 138 127 108 81 51 45 48 52 57 60 58 58 60 62 80 142 146 107 108 106 91 43 42 3 23 30 38 22 20 39 2 8 7 17 1 1 2 34 14 6 11 7 97 114 133 140 162 153 148 77 38 20 7 4 3 13 57 24 12 34 75 75 86 97 112 133 156 156 97 26 4 10 33 2 7 8 4 7 10 29 104 43 19 20 12 5 9 17 17 34 93 98 112 121 121 120 120 120 119 119 121 119 120 117 119 118 117 116 116 115 114 110 109 106 104 103
54 53 51 50 48 48 60 89 115 134 139 140 139 129 109 80 51 47 52 57 58 59 58 59 59 62 91 152 114 104 109 79 84 36 3 20 23 13 8 9 31 27 0 3 1 5 14 1 1 2 3 11 19 63 86 147 143 150 166 157 85 48 29 16 27 22 5 46 124 148 61 53 59 68 77 92 108 135 170 131 34 20 9 40 86 33 3 5 5 7 14 24 103 48 26 20 11 6 9 14 19 57 100 100 118 121 122 121 119 119 119 118 119 118 118 119 119 116 116 114 113 113 109 107 104 103 103 101
56 53 52 49 47 47 58 88 115 134 140 140 140 131 110 81 56 49 56 59 61 62 61 62 65 52 48 90 141 167 115 40 18 2 23 15 10 8 13 18 30 38 0 1 2 0 18 1 1 3 1 1 14 71 120 122 144 167 163 99 71 66 55 31 52 42 37 63 161 157 116 62 65 69 72 89 112 150 179 92 75 40 35 46 96 41 16 5 5 5 19 21 103 51 34 21 8 7 14 16 25 78 100 106 120 119 120 120 120 120 119 119 119 119 119 118 118 116 114 113 113 110 108 106 104 106 115 129
57 55 53 49 47 45 57 87 115 133 140 141 140 131 112 83 57 53 58 62 65 64 70 46 34 63 96 131 162 172 45 17 3 33 33 12 13 18 24 29 26 49 9 2 2 0 2 4 1 3 0 2 81 97 138 144 165 164 94 79 76 87 89 69 58 79 98 125 144 138 106 91 84 72 78 88 112 160 186 99 72 87 83 108 80 37 26 17 11 8 24 20 99 59 38 20 5 6 19 21 38 90 97 113 120 121 119 119 119 119 120 119 120 119 119 118 117 114 112 112 111 109 108 108 119 135 149 157
59 56 53 49 47 46 56 86 114 133 140 142 143 135 114 86 60 56 61 63 67 66 76 31 73 106 92 95 80 35 21 44 38 22 14 2 22 11 15 28 41 43 30 7 1 1 0 1 2 2 2 39 79 138 134 154 170 90 75 81 91 93 95 93 92 75 69 86 77 95 112 108 83 85 83 87 107 153 192 125 105 86 65 64 37 36 40 23 12 13 28 16 93 78 34 19 5 9 23 24 60 97 98 118 120 120 120 120 119 118 118 118 120 118 118 116 115 113 110 110 109 110 118 139 154 163 164 165
56 51 48 45 44 43 53 84 113 132 139 144 143 136 114 87 60 55 60 65 68 69 84 105 104 87 39 33 35 5 9 10 59 50 32 8 9 9 31 21 33 48 31 8 2 2 2 2 1 3 5 96 100 131 146 173 92 66 76 88 99 103 106 106 103 100 101 105 114 119 116 111 94 95 90 88 105 146 193 142 119 101 86 73 61 51 50 30 13 19 28 18 88 90 32 15 9 12 22 25 77 95 105 120 120 120 120 118 119 118 119 118 118 117 116 115 114 112 112 110 111 131 156 168 171 170 168 168
50 46 44 42 41 40 50 82 112 131 140 143 143 135 115 87 60 57 59 64 68 69 68 81 63 46 35 34 13 6 24 31 34 14 19 1 3 17 10 54 30 21 45 1 2 1 1 2 2 2 64 74 128 147 167 104 60 70 76 87 98 110 119 119 126 124 125 130 128 123 119 109 102 100 93 91 101 143 193 151 130 112 99 84 73 64 59 32 18 23 30 16 84 103 32 11 11 17 19 36 89 96 114 120 119 118 118 119 119 119 117 117 117 115 115 115 114 114 111 113 139 166 178 176 171 170 169 170
46 43 41 40 40 39 47 81 111 131 140 142 142 135 115 87 60 54 59 65 67 83 91 89 101 69 54 19 19 24 30 44 29 35 2 1 3 23 28 27 47 67 34 34 15 3 1 2 3 16 92 102 140 157 127 41 62 69 76 86 98 109 119 126 131 130 134 132 127 126 119 109 105 101 95 89 98 137 194 159 129 118 99 84 76 74 65 32 18 23 31 17 80 107 31 8 15 21 22 55 96 100 121 121 120 120 118 119 118 118 118 116 115 116 115 115 113 112 114 142 168 179 181 179 173 171 173 176
40 39 39 38 38 38 47 79 112 132 139 140 142 134 115 86 60 53 58 68 78 74 72 60 32 24 21 16 17 26 31 43 45 1 1 0 1 1 14 19 26 1 46 63 18 1 1 1 1 72 77 134 144 155 26 46 61 69 74 84 96 107 117 127 133 136 133 130 130 125 118 111 107 103 95 90 95 135 193 168 126 118 103 88 81 78 68 31 18 24 33 16 74 98 48 12 18 22 25 73 100 107 122 121 121 119 119 118 117 117 117 116 115 115 115 113 113 112 134 166 177 178 180 177 177 176 182 189
37 37 37 37 36 37 44 80 111 129 138 139 138 131 114 87 58 51 57 61 65 68 61 37 45 36 37 20 35 8 44 28 8 6 1 1 1 0 4 6 24 3 51 70 42 0 1 2 23 89 108 145 160 27 30 44 61 69 75 82 92 100 110 120 128 134 134 131 128 123 116 109 105 99 90 84 95 124 183 177 125 117 101 89 78 79 64 30 16 20 33 18 69 94 64 15 23 24 35 89 100 116 123 121 120 118 118 117 117 117 116 115 115 114 114 113 112 123 161 179 178 175 177 181 183 190 195 199
36 35 34 34 34 34 44 79 109 128 137 136 137 130 114 86 56 50 64 60 63 69 69 75 40 51 32 38 9 8 12 31 16 6 2 2 1 1 1 13 20 16 51 51 97 29 3 14 73 75 145 161 94 6 33 42 57 68 75 83 93 101 108 114 126 131 132 129 125 122 114 106 99 93 83 82 92 115 170 187 121 114 98 89 78 83 56 21 14 22 35 17 60 95 73 13 28 21 51 97 103 121 124 123 120 119 119 118 117 117 116 114 114 115 114 114 116 150 175 179 177 178 179 186 196 205 205 197
36 34 34 32 32 33 43 78 109 129 136 135 137 131 113 86 57 48 78 60 90 85 54 23 57 55 34 3 24 16 41 39 34 3 4 2 0 1 17 39 31 42 82 94 34 70 4 19 89 96 157 142 11 10 36 40 55 67 73 80 88 98 105 113 119 122 124 126 125 118 112 102 92 85 79 76 86 113 157 198 128 113 99 88 76 82 46 9 14 26 36 16 51 95 90 11 27 24 70 102 109 123 125 123 122 120 118 119 118 117 117 115 115 114 114 113 133 171 182 178 178 180 190 201 207 209 205 199
35 33 31 31 31 31 41 77 110 129 137 137 137 132 114 86 56 49 58 77 66 69 53 38 45 28 17 18 28 24 39 57 32 1 2 2 1 9 21 52 42 68 63 102 14 21 2 64 75 138 157 10 16 12 39 39 53 66 72 77 86 94 101 106 111 114 117 121 117 115 105 94 84 79 75 75 85 107 142 205 137 111 98 86 78 71 30 2 16 28 34 16 44 102 95 24 23 34 86 103 115 123 123 122 120 119 119 119 119 119 116 115 115 114 114 119 158 182 181 180 182 191 204 210 208 205 208 205
38 36 34 32 30 30 40 77 109 129 137 138 140 135 117 88 56 47 59 70 61 70 38 38 28 39 23 18 40 9 30 62 15 21 1 5 4 7 29 46 72 90 48 28 8 6 57 77 78 117 68 7 15 14 43 39 53 64 71 75 84 93 98 105 107 111 114 116 116 109 99 84 74 84 87 83 84 103 138 205 139 100 94 77 81 57 10 6 14 31 29 20 36 103 100 47 20 47 101 107 121 122 121 120 120 119 118 120 119 118 117 116 115 116 114 135 174 185 181 183 189 202 209 207 201 204 207 209
38 37 36 35 33 31 40 77 109 130 137 138 139 136 118 88 60 65 70 58 62 63 32 34 42 32 17 19 36 3 35 50 25 35 5 4 16 2 18 52 13 41 24 2 14 27 122 127 121 122 32 2 14 14 46 39 54 65 71 74 84 91 97 102 107 107 112 113 113 107 97 77 75 87 85 87 78 91 129 161 119 98 89 75 77 35 2 6 16 28 29 21 26 100 100 53 24 64 107 111 123 123 121 120 119 119 119 118 117 118 118 117 116 116 116 154 182 185 183 187 200 206 206 205 206 207 211 211
38 38 37 36 36 37 48 86 111 129 137 137 141 136 116 89 59 45 52 58 60 51 40 34 55 31 3 56 17 7 35 37 65 45 2 17 20 1 3 19 35 54 9 13 2 71 129 141 135 25 4 6 14 14 48 40 52 64 69 73 81 88 96 103 106 107 110 114 112 108 98 85 72 68 42 61 63 75 103 134 113 98 83 77 64 7 4 9 18 29 29 25 21 89 94 65 36 85 112 115 123 121 121 120 119 118 118 118 118 117 116 117 116 115 124 166 186 186 188 199 207 207 208 210 213 213 214 210
38 38 38 37 38 41 58 91 117 129 136 137 138 137 117 89 57 47 53 57 63 52 35 33 25 12 30 34 19 14 37 30 71 40 11 14 32 71 5 0 49 10 38 44 70 74 83 136 44 6 8 7 13 14 53 40 54 62 69 73 79 86 93 98 103 104 107 111 112 110 105 99 87 81 87 89 84 113 139 126 109 95 76 75 32 4 2 9 21 31 32 27 20 75 98 77 40 101 112 120 122 120 119 119 119 118 118 118 117 117 117 117 115 115 134 173 186 189 195 206 207 209 208 211 214 213 211 211
37 37 39 38 38 45 65 95 118 128 135 138 139 137 118 90 57 48 51 56 61 78 9 30 21 25 30 3 19 23 35 42 42 57 37 16 30 83 12 27 20 57 73 108 103 68 106 99 9 9 10 13 15 14 51 41 52 62 68 72 79 85 90 95 99 103 106 110 113 111 109 106 103 102 109 138 121 151 148 126 103 92 73 63 6 3 2 12 24 30 32 27 24 57 102 77 61 109 113 121 121 121 120 119 118 118 117 117 117 117 116 116 114 114 144 178 185 190 204 210 208 207 209 211 212 214 214 215
36 36 37 38 37 45 69 98 119 130 135 139 140 138 119 91 59 46 52 57 81 61 24 27 41 30 4 1 13 13 21 40 27 49 64 27 41 39 24 23 58 105 124 130 61 59 117 12 11 13 10 21 17 15 47 44 50 61 67 72 77 82 89 92 94 98 103 107 109 109 105 104 105 108 118 165 142 155 153 123 97 85 69 34 3 3 3 18 27 31 32 30 24 44 104 76 84 113 115 122 121 120 119 118 118 118 116 117 117 117 117 117 115 116 151 180 187 199 210 210 209 209 211 210 213 216 215 216
35 34 35 37 36 45 68 95 117 129 135 139 141 139 122 91 58 47 51 73 62 62 29 38 35 4 8 3 8 19 18 33 15 53 48 44 73 24 33 56 76 108 144 79 57 112 5 19 19 14 14 24 18 12 44 46 46 60 67 71 73 80 86 90 91 95 97 100 99 100 100 98 106 110 124 174 148 158 153 121 86 73 69 3 3 4 5 19 30 31 30 30 25 38 103 76 97 112 115 122 121 119 119 117 116 117 116 116 117 117 116 116 114 117 156 183 194 207 211 209 211 212 210 211 216 218 216 218
30 32 35 35 37 45 65 94 118 131 137 140 141 139 121 92 58 46 62 63 59 53 30 30 15 7 8 8 12 21 12 17 30 13 55 68 18 23 81 128 126 152 97 63 101 32 3 36 14 11 16 25 22 16 38 46 43 58 65 70 73 77 82 86 89 89 90 86 86 87 91 94 98 102 102 109 132 119 108 101 66 72 38 1 4 3 9 22 31 32 34 32 22 32 104 79 105 113 116 121 120 118 118 117 117 117 116 116 115 115 115 115 113 119 160 188 204 215 212 211 213 213 212 215 218 219 218 219
27 28 33 35 36 46 67 98 120 134 139 141 143 139 120 92 58 53 72 53 73 53 14 21 21 5 8 2 15 38 34 24 17 39 33 48 56 90 90 141 173 113 70 73 79 8 10 22 8 13 19 23 21 14 39 40 40 55 64 68 72 74 78 82 86 90 73 46 53 59 60 59 55 54 56 64 70 55 52 52 66 71 2 1 5 4 11 26 29 33 33 31 24 29 102 91 110 116 119 120 119 118 118 118 117 117 116 116 116 115 115 115 113 121 165 196 213 214 215 212 211 213 214 216 217 221 218 218
24 27 31 34 38 48 70 100 120 135 140 142 144 139 119 91 63 83 50 60 79 42 24 10 5 4 10 16 21 58 31 34 36 32 56 30 40 94 94 174 156 72 67 115 3 18 8 10 15 11 20 19 25 13 32 36 37 53 64 68 72 73 76 79 83 88 86 75 63 55 57 68 74 86 93 105 117 99 76 71 72 33 0 4 5 5 18 21 32 34 33 33 28 28 92 104 113 117 119 119 118 119 118 118 117 116 116 115 115 115 115 114 111 127 174 206 215 214 214 214 214 215 214 216 219 216 216 214
23 27 30 35 37 50 70 99 119 135 143 146 146 139 123 90 88 48 47 78 58 40 22 30 5 3 24 23 24 71 12 34 41 32 19 48 72 97 91 144 83 88 123 16 6 10 4 5 17 6 17 20 25 13 26 34 33 50 62 68 71 72 73 76 81 86 91 85 74 69 69 71 90 109 120 113 121 93 80 80 60 0 0 7 8 8 21 19 36 37 32 33 33 30 90 110 117 117 120 120 119 119 118 118 118 116 115 114 115 114 114 113 110 129 183 214 216 216 215 216 216 217 217 216 215 212 209 205
22 25 29 32 36 53 67 96 117 132 143 146 146 139 119 98 56 45 64 71 59 30 42 26 8 11 20 30 56 50 36 34 22 53 51 54 96 98 85 136 99 143 34 3 3 7 4 4 5 11 12 16 24 15 27 30 28 45 58 67 68 71 71 75 80 84 88 87 83 75 71 70 72 85 95 90 80 84 82 68 24 1 0 9 10 15 22 22 36 38 33 31 37 30 89 114 117 116 119 119 119 119 119 119 118 117 116 115 114 113 112 110 109 129 193 219 218 216 216 219 222 220 217 211 204 201 200 200
19 23 27 29 35 55 64 91 112 130 142 145 145 139 119 90 56 42 79 53 49 20 52 14 4 22 7 20 79 45 57 47 26 30 72 63 57 76 98 133 143 66 3 2 4 12 4 8 6 6 10 16 21 18 20 27 24 37 52 63 66 69 69 72 77 82 86 87 84 80 78 80 78 71 75 81 93 85 75 36 17 1 2 12 16 16 21 21 40 39 35 33 39 30 87 114 117 115 118 118 119 118 118 119 119 117 116 115 113 113 112 109 107 128 197 221 218 219 219 222 222 215 209 205 205 207 209 208
19 20 24 26 39 64 69 90 108 129 140 143 142 139 120 92 58 44 73 51 36 21 33 10 0 21 14 7 86 61 43 70 42 43 45 61 46 70 108 167 99 1 2 1 6 10 6 6 7 5 7 15 18 20 14 21 21 26 39 51 59 64 67 71 76 81 86 89 89 90 92 99 107 114 107 104 95 80 69 14 8 1 3 12 14 15 21 21 44 38 37 34 38 34 82 117 116 116 118 119 119 117 118 117 118 117 115 114 113 111 110 108 107 129 201 224 222 220 219 216 215 214 213 214 211 207 204 200
17 19 21 24 45 64 70 91 109 128 138 141 141 138 120 91 60 45 56 53 32 34 25 9 0 22 6 15 56 37 49 58 46 39 28 65 75 45 68 109 13 2 2 1 7 15 5 8 4 9 4 10 16 19 11 19 22 20 20 32 44 52 59 68 74 82 91 94 96 103 113 112 119 120 118 112 96 84 38 20 2 4 3 17 19 20 17 27 43 40 37 38 38 36 80 116 113 117 119 118 117 117 116 116 116 116 115 114 111 109 110 108 107 140 212 227 221 215 214 214 215 216 213 208 201 197 194 189
16 17 20 23 44 62 68 92 108 129 138 139 140 137 120 91 58 45 50 48 25 16 26 10 0 18 6 15 47 26 15 45 68 54 48 69 79 51 50 41 22 2 9 3 11 18 5 12 4 7 3 5 13 15 13 17 20 16 21 7 23 39 47 60 69 78 88 92 95 105 117 118 121 119 119 115 91 81 21 23 3 4 6 19 18 20 17 29 47 42 36 40 39 37 79 117 113 114 117 117 115 115 115 116 115 115 113 112 110 110 108 107 106 153 218 227 214 211 214 216 215 212 202 194 189 182 175 157
13 14 17 22 38 59 73 92 112 129 137 138 140 137 121 93 58 45 57 28 17 22 31 8 13 14 4 2 56 44 20 28 44 57 77 63 75 70 45 25 1 2 1 3 13 22 4 13 3 6 6 6 6 14 15 14 18 14 25 14 5 16 32 44 49 59 64 73 82 91 102 111 117 113 109 101 85 72 24 19 6 1 11 20 14 20 22 31 46 40 38 43 41 38 81 113 105 95 99 105 109 112 112 114 112 112 112 110 108 108 107 104 106 172 220 220 211 211 210 211 205 198 189 178 165 138 101 62
12 13 17 19 31 54 66 88 113 130 137 138 139 136 119 91 56 108 94 68 4 32 17 18 12 4 2 4 55 66 33 24 43 55 46 50 89 73 88 79 3 3 3 4 18 25 3 18 4 5 7 5 5 8 16 17 20 20 22 29 25 29 38 47 56 64 65 71 83 89 104 108 116 113 111 101 94 85 21 11 7 7 12 23 21 15 22 31 46 43 37 42 38 41 88 109 89 77 80 85 89 94 98 103 108 111 109 109 108 105 103 102 114 190 217 210 207 206 200 195 189 177 157 129 90 50 29 34
20 17 15 18 31 46 56 85 110 128 138 138 138 136 119 87 144 107 38 63 6 20 19 19 15 13 3 7 47 52 55 26 18 42 67 50 62 81 40 63 100 13 4 6 22 26 3 19 4 6 7 5 5 5 10 12 16 20 18 30 38 52 65 71 74 78 75 69 86 95 102 101 103 106 110 120 137 152 154 109 33 4 15 23 21 15 23 35 47 39 40 42 41 38 91 105 77 79 71 74 75 75 77 79 85 90 97 100 102 103 101 98 124 196 209 194 198 199 194 185 173 157 126 81 42 34 38 45
31 26 24 20 28 41 50 77 104 126 136 137 135 135 117 142 74 52 48 33 1 13 26 17 10 25 19 10 25 58 50 50 32 62 76 32 38 56 43 42 80 89 10 12 24 26 3 18 6 6 4 6 5 6 6 18 16 19 21 33 42 58 67 71 69 71 74 78 87 93 94 94 95 98 112 129 143 155 158 158 164 134 65 18 26 16 24 38 48 39 38 42 39 38 98 100 88 91 90 82 76 73 68 67 68 70 73 77 82 85 89 93 125 190 196 188 194 196 191 178 153 127 85 46 39 43 48 50
70 47 36 29 34 36 41 64 97 124 134 136 135 141 133 91 58 63 84 4 1 3 26 20 5 18 32 21 11 28 55 27 43 70 29 35 40 47 49 64 86 34 71 14 23 24 3 25 6 7 2 9 5 4 7 16 17 20 21 29 43 58 66 68 69 72 79 81 87 92 91 93 97 106 119 134 148 154 156 162 160 158 166 150 62 16 29 42 49 38 39 40 40 37 101 99 100 100 100 94 90 84 78 72 68 65 63 64 65 74 82 77 108 182 190 191 195 189 178 161 126 71 42 46 47 47 51 52
89 82 60 44 41 35 37 59 96 123 132 135 135 135 120 92 82 98 31 4 1 3 21 31 0 15 44 34 10 4 37 53 46 48 20 49 47 53 66 66 76 41 47 53 26 21 4 24 9 9 3 6 8 5 6 14 20 23 21 28 42 53 60 67 72 71 79 87 91 89 91 93 101 113 124 137 146 151 153 156 158 162 164 168 178 116 26 40 52 38 38 42 40 34 108 97 109 106 104 102 98 95 92 86 80 75 70 66 67 89 95 75 114 186 194 197 194 181 160 113 66 45 55 53 50 53 55 50
89 98 94 72 56 42 36 61 96 123 135 136 137 137 121 105 138 65 15 2 3 0 26 47 49 53 24 15 13 42 17 32 30 14 23 26 51 67 73 75 24 79 20 74 22 15 4 23 12 8 5 7 10 7 6 18 22 33 21 27 42 56 65 71 68 77 84 89 92 91 90 96 107 117 122 130 141 147 152 151 155 159 164 168 172 176 147 36 50 38 36 41 41 36 113 100 110 108 107 107 103 101 97 94 90 86 83 79 80 97 100 86 143 197 200 198 191 170 137 70 41 58 60 54 55 63 59 50
82 99 108 95 78 48 36 62 97 126 139 139 138 137 122 127 119 78 19 16 17 13 24 1 26 18 7 14 21 11 1 52 1 16 17 36 31 56 70 73 63 32 105 39 63 12 4 22 13 9 4 5 17 8 7 23 24 38 26 24 44 58 65 59 77 82 87 88 92 93 94 103 112 120 123 128 136 141 143 149 152 156 161 168 173 176 183 144 48 39 39 41 40 45 111 103 110 110 109 108 107 105 102 99 96 92 90 88 90 101 107 105 168 204 201 197 186 154 111 55 56 62 60 58 66 67 57 51
56 86 106 114 103 62 39 63 99 127 140 140 141 138 121 111 79 50 3 2 5 4 13 15 3 3 26 6 2 12 3 9 26 7 20 21 44 43 75 68 71 58 57 60 102 7 5 23 17 9 5 6 18 7 8 24 28 46 36 21 44 61 56 76 78 85 87 91 91 93 96 103 110 118 120 126 133 135 142 144 148 156 160 165 174 179 182 189 115 41 41 39 36 56 107 106 111 110 109 109 106 106 103 103 100 97 95 93 97 110 114 123 188 208 201 195 179 135 83 60 64 58 61 64 68 62 55 56
34 68 109 121 110 78 37 61 101 127 140 140 141 138 121 122 86 47 2 1 5 18 0 3 8 10 33 14 7 4 24 4 23 26 23 25 23 45 45 61 84 81 10 72 108 7 5 20 19 12 5 6 18 8 8 23 31 51 43 20 40 56 70 79 80 85 88 93 93 94 97 104 109 114 119 124 128 133 139 142 147 153 160 164 171 176 183 188 193 64 42 36 34 69 99 107 110 111 109 110 107 106 105 103 101 100 97 98 98 112 126 148 198 209 202 191 171 114 65 65 61 61 64 68 63 55 55 60
21 46 103 123 118 88 39 58 101 127 140 140 140 139 122 95 95 31 5 1 4 8 1 1 3 12 35 9 13 3 13 23 23 20 30 41 37 32 43 76 79 55 24 58 125 23 3 26 26 11 7 8 21 9 9 23 38 49 44 20 44 60 73 75 82 83 87 92 94 95 99 102 107 112 117 122 127 133 137 141 146 151 160 165 175 180 185 187 189 155 37 38 30 78 105 111 113 110 109 108 107 106 104 101 102 100 98 98 104 135 166 184 207 209 201 183 150 89 69 67 61 65 69 66 53 53 60 57
17 38 98 126 122 89 33 58 103 129 141 141 141 139 124 97 80 31 12 1 4 3 0 3 4 25 36 3 18 7 3 8 17 16 23 36 32 30 34 83 75 70 22 41 124 10 3 30 29 12 9 9 19 8 16 27 46 44 48 24 44 63 75 75 83 86 87 88 92 94 98 102 104 111 114 118 125 129 135 140 145 150 158 166 173 180 186 187 192 197 67 37 29 88 107 113 112 112 111 109 108 105 102 102 101 100 99 102 137 180 184 193 211 208 197 171 121 76 71 65 67 69 69 57 51 58 61 53
17 35 94 121 122 86 36 59 103 130 141 142 140 140 125 99 85 15 10 13 2 3 2 3 2 46 30 2 10 12 3 4 2 6 20 33 42 26 32 85 83 66 58 56 66 54 5 32 27 18 14 13 18 14 22 32 48 58 55 25 49 65 75 82 84 86 87 88 89 93 97 100 104 108 113 118 122 126 133 137 141 149 157 164 174 180 184 189 188 191 136 34 31 98 110 113 113 111 111 109 107 105 104 102 100 99 99 108 179 213 204 198 213 208 188 149 97 74 69 65 70 73 68 55 56 63 57 52
14 31 86 125 123 95 39 57 103 130 141 140 140 139 125 97 68 21 21 3 2 2 3 2 33 38 18 1 3 14 6 1 9 3 19 12 53 21 40 79 94 69 66 105 62 42 17 24 23 24 17 17 18 19 28 45 61 61 53 29 50 67 74 81 86 87 88 87 89 91 95 99 102 107 113 117 120 125 129 134 140 147 157 164 172 178 183 186 188 188 186 33 36 101 110 115 114 110 110 109 107 107 103 101 101 98 100 119 196 216 200 205 212 201 174 124 87 76 67 67 73 71 61 56 60 60 54 49
13 30 83 123 125 99 44 58 101 129 141 140 138 139 123 98 68 27 8 4 2 4 5 16 10 27 15 4 6 13 3 1 8 5 24 11 27 51 66 73 54 58 91 96 66 41 21 18 22 24 20 19 19 24 36 53 63 62 52 30 54 70 76 80 86 91 87 88 87 91 94 97 100 106 110 114 118 122 127 133 137 146 154 162 170 177 181 187 187 187 193 75 45 104 112 117 111 111 109 107 106 106 106 104 99 99 103 129 197 206 191 206 211 193 151 105 87 73 69 67 71 66 58 58 60 58 49 44
15 27 79 122 125 104 47 56 99 127 138 140 138 139 125 99 70 21 7 4 2 4 7 4 5 17 21 3 8 4 4 5 9 7 27 10 2 35 63 59 55 28 18 26 34 42 61 54 66 33 24 21 21 27 40 59 63 64 49 33 59 73 78 82 87 90 87 88 87 87 91 95 98 104 108 111 117 120 126 130 136 142 152 161 167 176 178 183 186 186 185 127 55 106 112 116 112 110 109 107 105 105 107 104 101 100 107 137 196 202 187 206 207 178 127 93 82 72 67 67 67 58 52 57 59 51 47 43
13 23 70 117 125 105 47 56 98 127 138 140 139 139 126 103 60 24 18 3 2 3 1 10 2 9 10 4 2 5 6 2 10 4 30 7 26 34 51 52 47 66 14 28 21 8 27 17 19 41 23 18 19 36 43 60 64 64 41 43 64 75 79 84 87 89 91 89 87 87 91 93 96 100 105 110 116 118 125 127 133 141 148 158 164 170 180 182 186 186 184 173 58 109 115 114 112 109 111 107 107 106 106 103 101 102 109 122 168 184 183 208 201 164 111 89 76 70 61 64 58 50 56 61 55 50 46 44
12 21 62 112 124 107 54 57 97 126 139 139 139 140 125 104 76 31 13 2 3 9 24 8 2 6 6 4 4 0 12 4 9 18 11 36 17 65 48 53 28 40 56 27 29 16 19 16 21 16 18 13 26 39 49 60 63 60 31 49 69 79 86 88 90 88 88 88 88 86 89 92 95 100 103 109 113 118 122 125 132 136 145 154 162 171 177 180 185 185 185 191 93 114 101 105 108 109 110 110 108 108 106 105 102 106 111 114 122 138 174 208 193 153 101 80 72 62 60 60 47 50 63 58 48 47 47 44
9 18 50 111 122 110 62 58 95 124 139 140 139 140 126 97 84 40 14 1 16 14 0 1 2 11 8 6 15 9 12 11 8 20 9 25 16 14 27 50 23 21 55 92 33 20 8 17 13 16 12 18 31 43 54 62 60 52 29 59 74 82 85 90 89 92 90 91 91 88 89 90 95 99 103 106 111 116 119 123 129 135 142 149 160 169 175 181 184 184 185 184 135 108 76 80 81 87 96 103 106 108 107 106 108 113 118 117 114 123 182 209 183 134 91 76 65 59 60 50 47 58 59 51 46 48 45 42
9 19 51 106 126 114 64 58 93 122 136 139 138 139 126 97 73 38 15 2 4 0 0 1 9 10 3 16 3 4 5 1 14 8 6 34 39 17 5 12 34 23 32 47 11 20 7 11 11 8 13 24 36 48 57 60 60 34 38 65 78 81 86 90 92 93 92 92 92 89 90 91 94 99 102 105 111 113 119 122 126 131 137 148 155 163 173 179 184 186 184 182 163 79 58 57 57 63 70 76 81 87 93 102 112 119 120 111 112 140 194 203 165 112 82 65 54 60 52 43 53 59 51 48 47 53 44 34
5 20 42 112 132 122 75 56 89 121 136 139 139 139 127 101 68 42 11 8 7 0 1 9 2 10 2 12 8 3 2 5 4 16 28 34 59 40 23 18 22 49 21 27 13 9 10 5 7 6 20 31 42 53 56 56 49 22 49 72 78 82 86 90 92 92 92 93 92 90 91 90 94 96 99 102 107 112 117 120 126 130 134 143 151 162 172 176 181 184 183 184 184 69 64 54 47 44 47 48 51 55 63 74 95 116 120 126 125 155 204 188 135 91 66 53 51 55 44 50 61 50 49 46 51 49 42 30
13 20 42 113 134 127 88 56 87 119 135 139 139 139 127 95 66 44 9 12 2 0 10 10 2 10 4 14 11 9 3 6 8 6 5 27 44 65 56 45 45 20 7 8 12 5 7 6 5 11 25 37 48 56 55 55 24 35 66 76 80 83 86 91 91 94 94 94 94 93 92 90 92 93 98 102 106 110 115 118 121 126 134 140 148 158 167 176 178 182 184 184 183 105 71 65 60 52 46 40 35 31 30 37 58 84 145 162 134 171 196 166 110 69 48 46 48 44 47 62 55 47 46 46 53 46 37 28
34 42 51 111 138 137 95 58 88 120 137 140 139 140 128 87 71 31 13 10 3 7 5 6 2 7 9 11 8 7 7 2 3 12 9 9 27 71 59 44 37 50 6 15 5 6 3 4 6 20 32 42 52 54 54 31 23 54 73 79 83 85 86 90 90 93 94 95 94 95 93 93 92 94 97 98 104 108 114 116 119 125 131 136 145 155 162 171 177 182 183 184 180 147 71 71 67 63 53 46 39 31 22 20 29 100 176 163 137 180 182 138 76 50 43 46 43 43 57 54 45 44 44 51 54 42 32 28
54 58 68 108 139 139 105 63 89 121 137 140 139 142 129 83 69 35 11 8 11 1 2 3 1 3 12 6 11 10 2 2 6 8 18 11 8 33 62 81 32 52 10 7 5 4 4 4 13 29 37 47 53 55 33 20 43 68 73 80 84 86 87 89 91 92 94 95 96 96 94 93 92 94 95 95 103 105 110 114 119 122 127 132 141 149 160 169 176 179 182 184 178 175 71 71 70 67 62 51 46 40 35 30 34 97 165 160 153 166 141 81 48 40 44 41 42 53 55 43 41 42 47 57 51 40 34 28
56 65 81 113 138 140 113 68 88 119 137 140 140 142 130 78 69 29 9 1 2 2 2 7 2 3 1 9 5 10 10 6 8 15 13 15 18 19 29 32 60 14 10 3 6 3 2 10 24 33 41 49 50 25 19 42 62 70 74 80 85 86 86 89 91 90 96 95 96 96 95 94 93 95 95 97 101 104 107 111 117 122 125 132 136 145 155 164 173 178 183 182 178 181 98 72 70 68 64 60 51 48 43 45 53 90 164 177 153 118 77 50 40 42 40 40 50 56 44 39 40 44 54 58 46 39 31 29
50 71 80 106 134 135 112 71 88 119 137 140 141 141 129 78 67 19 10 4 5 6 3 7 5 3 8 24 8 18 21 4 10 25 14 25 15 25 31 53 15 25 3 4 4 2 3 15 31 39 36 28 14 30 48 60 68 71 75 79 83 85 86 91 89 93 94 96 96 97 97 96 95 96 95 97 99 102 108 109 114 120 124 129 134 141 150 159 168 176 181 184 182 178 131 70 68 66 66 62 58 55 55 59 64 94 155 160 107 64 49 42 43 42 40 51 56 46 38 35 40 50 60 53 44 36 28 30
38 57 63 97 132 138 115 75 89 119 138 141 143 143 128 85 54 11 6 4 5 11 4 5 12 5 15 24 8 24 35 17 4 29 2 21 39 17 37 64 36 14 4 4 2 2 7 12 13 11 20 33 45 55 65 68 70 72 75 79 84 85 87 87 88 92 94 96 97 98 98 97 97 97 96 99 100 101 103 109 114 121 122 128 135 141 147 154 163 173 179 183 182 180 164 67 67 65 65 65 63 61 64 71 72 76 100 91 63 52 48 47 45 41 48 54 47 37 34 35 48 60 63 52 42 31 29 27
31 42 58 88 126 138 118 84 90 118 138 143 143 141 127 91 38 13 5 4 3 12 5 10 18 6 12 25 7 23 38 29 5 29 25 11 36 28 35 41 35 19 4 2 2 4 11 19 31 39 46 54 62 66 68 70 73 72 75 78 82 84 84 87 89 90 93 95 99 98 97 98 98 101 98 99 100 103 105 108 112 117 121 125 130 138 145 152 158 167 175 179 180 179 179 82 66 64 65 66 67 66 72 77 75 73 69 64 58 58 58 50 44 46 50 44 37 37 33 42 59 64 60 49 37 29 28 24
29 36 47 82 140 164 144 93 92 119 139 143 143 142 123 66 35 18 7 6 6 10 7 9 17 3 6 26 4 17 28 51 10 19 43 5 23 40 16 40 31 16 1 3 7 14 22 35 44 55 61 62 67 69 71 73 74 75 75 80 82 83 84 85 87 90 93 94 97 97 98 100 99 103 101 103 103 104 106 107 111 115 120 124 130 135 140 146 154 163 172 177 179 177 176 109 66 64 65 67 69 74 78 77 77 73 69 66 66 69 62 49 47 50 45 37 37 38 41 54 66 66 53 40 32 27 26 25
29 33 42 83 166 177 166 114 94 118 138 142 142 141 127 76 34 24 10 7 6 11 12 16 6 16 11 42 10 24 38 46 38 6 37 17 13 34 26 26 39 28 2 5 15 24 37 45 51 57 63 64 68 73 72 73 74 78 79 79 81 83 85 86 88 88 91 93 95 96 99 100 101 102 104 104 104 106 107 110 114 114 120 125 129 133 139 144 152 160 169 174 178 178 175 142 63 64 66 67 70 78 79 82 80 75 74 76 80 73 60 54 51 45 40 39 39 43 54 69 70 60 44 32 24 25 26 33
27 34 40 84 166 175 163 121 93 117 137 140 141 139 117 68 33 18 14 8 15 19 25 29 17 26 31 31 20 32 30 32 60 13 36 30 17 32 24 12 33 32 47 12 26 34 40 47 56 62 66 68 69 72 73 75 76 77 79 78 84 86 86 84 87 89 91 92 95 98 99 97 100 101 105 107 108 107 109 110 115 115 119 124 125 132 135 143 150 159 163 173 175 177 176 170 68 64 64 67 74 78 85 92 85 84 86 95 86 71 59 51 43 39 45 43 43 51 71 77 70 49 34 25 23 26 34 46
27 31 39 68 154 168 155 105 93 118 137 140 141 139 125 58 31 13 20 8 15 26 27 23 25 35 55 13 20 31 31 32 31 54 40 21 14 16 25 18 25 10 26 36 37 39 43 50 59 64 68 68 70 71 73 74 76 79 79 81 83 86 85 87 89 89 88 91 94 94 95 97 98 101 103 105 109 109 112 112 117 120 121 124 126 133 136 139 149 156 161 170 175 177 176 177 97 77 67 66 75 82 98 97 94 93 101 100 79 65 51 38 37 43 46 47 50 66 73 71 60 35 25 22 22 33 49 61
27 34 39 65 118 141 120 83 91 118 138 140 141 138 125 58 40 21 24 28 18 28 26 19 27 28 37 9 20 25 41 24 52 26 41 50 11 12 26 16 15 8 19 32 40 44 48 55 63 66 69 70 71 71 72 74 76 79 82 82 84 85 87 87 91 91 89 91 91 92 93 97 97 99 102 105 109 111 113 116 118 121 122 125 129 133 138 143 148 157 161 166 171 174 177 175 116 73 81 76 79 95 108 102 101 103 104 88 69 54 41 37 42 43 48 53 65 71 70 58 39 26 22 22 31 53 67 75
35 33 41 71 106 116 95 70 88 120 138 140 140 138 125 57 57 26 23 42 22 26 32 33 35 42 31 22 17 32 37 20 57 22 15 51 24 9 18 28 10 16 27 38 44 47 51 58 65 67 71 72 71 72 73 74 78 81 83 83 85 85 86 89 93 90 89 90 92 89 90 93 96 100 102 105 110 112 113 116 119 122 124 127 129 134 137 143 148 155 159 164 169 174 176 174 142 62 61 73 91 95 95 93 100 106 92 75 60 47 41 41 43 47 56 63 68 64 54 38 27 19 22 33 52 72 86 89
