129 116 123 133 120 115 124 123 134 128 137 121 141 141 132 87 65 59 70 71 57 56 66 54 53 69 92 76 77 97 87 88 92 106 92 81 92 108 88 99 102 93 105 90 99 89 90 86 86 102 82 103 95 100 85 109 91 105 86 86 78 85 82 107 88 107 79 101 79 98 81 83 102 93 88 91 86 95 96 97 104 114 121 140 113 126 124 134 112 128 136 117 109 115 111 140 129 121 135 162 203 193 214 163 102 90 83 86 80 72 70 91 90 96 81 94 76 74 80 68 94 94 68 69 88 125 180 172
137 121 139 142 143 119 136 111 129 141 120 125 134 135 129 85 76 54 67 59 56 62 79 53 56 65 91 87 76 89 92 77 107 94 100 84 97 107 93 87 106 101 85 84 97 96 100 86 95 108 91 104 82 109 97 97 84 91 106 92 80 106 86 110 103 86 98 89 97 89 89 83 98 87 88 78 74 88 80 75 103 119 129 121 126 109 116 111 116 126 116 110 129 107 122 126 124 119 147 133 175 212 207 190 136 97 79 96 70 77 91 90 99 72 90 82 91 83 80 83 74 86 70 77 92 109 163 185
136 136 142 123 122 142 133 129 125 142 133 132 149 114 111 89 60 69 65 61 56 70 70 52 64 66 69 86 73 79 79 76 83 102 95 98 88 92 94 102 92 85 99 86 102 90 89 83 107 97 91 91 100 83 102 106 95 96 95 80 90 80 91 88 101 104 91 92 93 99 96 87 90 85 93 92 95 90 75 92 87 118 111 131 119 130 121 122 110 126 133 124 134 137 136 125 118 142 120 132 145 199 202 202 174 125 93 84 87 93 77 76 70 95 73 95 90 72 89 72 82 85 95 83 80 75 130 167
121 130 116 135 137 118 143 118 136 124 150 126 151 125 100 85 69 74 62 77 51 52 60 83 69 71 87 92 87 97 101 101 88 85 100 80 80 105 90 99 109 105 83 92 107 107 95 101 111 97 102 85 91 105 79 96 91 91 103 96 80 87 87 95 102 107 106 101 92 89 92 88 93 99 89 82 101 82 87 83 70 103 97 123 116 141 130 108 116 139 125 125 119 132 111 116 133 130 122 119 133 181 218 211 204 165 87 84 98 87 78 75 84 88 84 83 84 71 82 86 80 77 81 73 78 68 93 129
119 136 126 130 130 138 123 129 139 121 137 148 140 123 115 83 62 70 62 78 53 73 67 72 73 64 85 81 93 80 89 86 85 93 99 89 102 95 100 108 95 83 102 89 102 82 88 85 103 104 86 85 100 109 104 93 85 90 79 106 108 84 82 100 104 88 99 101 90 88 83 82 101 98 94 97 93 77 70 79 77 102 114 121 140 135 111 130 117 135 141 129 115 116 135 129 126 120 140 137 116 139 190 206 216 213 132 91 103 91 80 77 94 86 74 100 100 84 88 96 88 78 74 82 99 91 69 52
138 120 122 131 122 134 126 141 147 141 143 153 138 123 114 84 78 49 70 78 61 70 65 82 68 58 93 76 74 102 93 90 85 86 86 84 95 105 103 113 92 103 95 100 89 101 96 94 86 86 87 87 92 96 93 93 82 93 91 97 105 93 82 107 98 84 103 88 78 78 87 90 99 99 76 100 101 93 93 69 83 81 86 117 106 122 120 133 134 142 135 139 133 139 130 137 120 114 141 143 119 137 151 200 214 214 185 103 93 103 82 80 84 94 73 84 96 72 73 74 90 74 97 92 82 77 56 24
147 118 125 143 130 139 126 146 132 147 134 138 136 112 89 90 53 46 72 81 55 55 76 78 65 77 78 83 89 103 89 83 100 106 107 106 88 105 110 93 96 92 86 99 103 111 98 95 83 106 95 98 98 93 89 85 104 105 95 86 97 106 88 103 81 87 84 109 98 85 98 106 105 107 81 97 76 83 96 80 78 77 78 95 105 131 119 142 139 137 122 122 118 137 125 119 138 130 128 128 126 145 140 189 200 217 224 149 84 85 78 86 82 97 75 99 82 73 99 81 85 80 92 101 61 41 6 2
120 138 115 138 132 129 116 140 145 128 153 146 129 134 96 65 70 61 75 75 69 85 56 80 55 89 67 98 78 100 98 96 99 100 88 99 106 99 99 98 109 110 109 89 96 95 91 83 85 100 89 98 83 98 86 105 97 100 91 103 97 93 96 91 82 107 96 111 87 97 106 106 107 91 96 84 76 99 79 69 94 79 87 100 118 120 122 134 125 142 137 147 129 125 135 123 131 120 118 117 134 133 137 136 185 202 222 199 134 91 84 97 90 78 93 101 71 80 86 100 84 98 79 66 25 19 24 31
118 131 131 145 117 121 142 134 125 123 122 140 139 122 105 91 68 71 78 55 75 72 77 64 73 72 82 89 76 89 75 90 109 83 81 104 102 103 99 80 93 90 99 109 92 91 98 89 84 93 110 106 98 93 104 105 83 91 89 81 81 80 100 94 84 113 89 109 93 88 109 81 89 100 94 98 91 96 92 76 79 71 69 80 101 124 136 118 131 135 128 132 122 135 124 133 130 129 118 136 124 122 138 133 158 211 210 225 167 109 98 86 104 83 101 94 87 89 95 75 94 102 57 35 5 22 9 2
116 138 125 147 130 136 148 138 145 130 140 140 117 133 92 68 52 54 70 83 74 76 72 79 56 60 86 77 97 75 78 107 83 101 102 101 95 109 100 96 86 112 98 109 97 108 110 105 101 82 99 88 100 92 82 83 101 91 85 88 107 103 81 98 83 96 108 90 108 107 100 102 97 87 84 80 83 90 74 96 75 65 75 96 100 104 132 121 144 140 142 122 133 134 145 131 128 131 114 142 125 141 135 128 143 201 200 235 205 168 92 91 85 80 101 88 88 99 77 88 78 59 10 5 31 2 15 27
140 130 124 136 145 147 141 141 153 134 119 128 128 126 105 72 55 74 80 67 78 74 77 80 68 72 91 91 76 90 96 90 88 109 85 100 96 95 99 106 95 85 108 104 95 95 82 90 101 97 94 98 85 77 75 84 80 84 88 96 97 90 83 79 82 105 83 103 85 84 104 82 84 108 104 105 82 82 101 82 81 80 67 85 99 102 138 116 120 121 135 121 135 138 122 137 134 134 129 130 123 112 112 135 133 164 208 219 227 190 111 83 92 104 100 74 85 99 78 72 68 35 14 11 13 6 5 7
126 122 121 126 124 150 152 132 145 137 130 131 123 136 104 94 64 51 73 80 55 56 76 76 59 72 67 69 79 74 85 89 91 80 94 87 100 93 86 93 87 110 109 82 96 94 87 85 93 78 89 90 96 96 86 88 79 105 84 80 79 109 103 91 86 98 82 107 103 94 108 80 88 84 88 99 86 86 76 93 96 66 90 75 112 122 108 130 133 144 139 140 135 145 132 118 124 124 135 115 133 135 142 112 128 123 186 219 224 218 170 100 106 79 78 82 99 99 94 64 20 15 21 19 22 16 15 10
131 134 145 148 126 144 135 128 136 150 129 125 121 134 102 80 75 45 76 77 76 75 73 57 74 71 83 81 70 79 94 75 86 81 102 96 90 102 105 84 80 104 100 91 109 92 101 84 108 86 91 84 93 86 103 85 80 93 82 77 90 100 103 100 85 86 84 111 101 80 82 98 106 96 105 79 94 81 88 81 82 95 93 84 91 117 120 121 122 133 144 134 129 118 126 132 121 119 138 118 139 128 111 116 126 110 139 189 225 245 209 140 111 82 95 89 100 69 59 8 28 6 10 4 22 22 5 13
149 149 129 156 140 149 132 144 130 141 131 147 124 107 91 70 66 69 49 58 70 58 75 73 62 59 66 72 76 90 80 100 76 98 104 102 85 98 90 103 101 101 107 85 89 81 99 107 111 83 79 83 109 86 97 98 112 121 110 95 76 107 87 89 109 84 92 94 95 95 93 94 86 104 81 82 79 93 102 88 73 88 71 98 82 108 125 118 115 136 136 140 125 115 144 115 144 139 121 137 111 131 108 116 122 107 122 164 220 244 238 196 106 104 73 69 94 66 30 1 26 7 25 30 9 27 27 1
148 130 144 132 144 120 126 133 134 135 149 126 141 120 106 66 50 48 49 57 81 56 60 74 67 75 83 79 101 85 104 91 76 82 92 100 84 106 83 93 106 97 81 107 107 88 98 91 102 92 115 104 104 131 139 158 140 137 155 160 146 130 106 96 98 109 95 104 104 82 87 84 102 100 99 90 88 96 75 76 94 66 83 84 85 108 117 109 125 136 115 139 138 119 131 136 123 129 117 124 122 120 132 125 124 114 121 143 199 215 236 212 165 99 99 88 45 15 18 7 5 30 20 14 8 25 9 26
147 139 144 141 141 107 104 131 118 139 141 145 146 108 99 72 67 55 67 79 78 70 60 58 86 86 68 73 81 86 80 100 92 97 107 99 99 81 85 88 81 101 103 101 89 106 87 118 126 124 113 132 131 126 139 159 145 161 161 136 157 157 162 164 148 109 100 98 101 84 108 103 100 78 105 87 80 83 79 86 80 65 75 103 93 94 124 122 108 130 106 126 110 140 116 126 111 139 131 111 115 108 109 99 128 102 119 116 170 218 232 232 210 134 100 55 29 32 20 30 10 23 12 12 12 12 24 20
121 150 131 128 109 111 87 101 117 148 143 122 125 120 114 73 60 73 62 73 53 57 55 66 83 66 85 75 83 75 78 83 83 76 99 94 95 105 106 83 97 92 101 112 96 114 110 118 119 119 118 120 118 136 145 130 148 156 166 168 151 165 157 182 181 193 143 82 101 91 95 89 105 98 92 89 83 80 79 73 88 76 87 97 97 94 111 125 111 113 126 114 133 123 124 115 124 107 118 118 122 110 99 101 123 109 112 119 112 189 206 227 240 196 76 40 17 5 7 7 29 2 7 1 24 32 15 20
134 139 157 132 103 97 77 100 131 131 151 142 146 111 97 85 62 54 68 50 50 60 72 62 58 78 69 67 93 75 80 85 98 102 102 104 98 101 103 100 93 109 131 107 99 87 104 118 102 114 126 107 124 136 132 139 131 142 157 167 162 184 154 188 194 183 172 164 136 92 108 103 100 78 77 100 92 81 85 71 78 85 95 92 110 123 107 105 104 101 115 109 122 123 111 111 124 114 104 117 122 110 109 120 121 118 114 123 116 135 206 230 249 204 28 25 22 25 18 29 27 33 27 11 32 11 5 9
129 158 144 115 97 86 77 119 145 146 139 121 143 131 111 64 72 41 62 67 51 62 56 56 70 74 84 94 69 101 90 87 77 91 79 79 97 83 78 131 96 95 93 91 82 94 102 104 101 113 98 98 122 120 121 120 135 140 160 170 177 172 188 166 183 164 196 180 180 156 91 94 89 82 83 80 85 95 70 75 71 82 93 73 104 104 122 133 101 120 103 107 129 113 108 126 98 128 102 130 107 101 111 106 117 104 101 122 123 106 153 223 195 92 22 6 6 8 29 11 25 28 2 8 11 17 34 14
151 137 125 117 85 54 87 122 128 148 139 132 144 108 117 71 53 68 61 75 59 53 71 72 80 56 84 80 93 90 78 102 80 91 102 76 86 83 109 98 88 77 96 78 81 93 97 110 111 114 120 100 102 131 129 135 157 172 170 150 173 162 192 187 190 190 183 177 185 195 176 123 79 87 80 102 95 88 86 70 86 87 92 94 116 124 131 114 108 102 115 95 91 112 109 116 130 117 109 126 128 106 129 105 115 117 115 121 120 118 124 156 81 28 4 10 29 22 13 14 4 14 6 16 5 18 16 9
134 136 117 87 74 81 101 116 120 141 133 143 148 130 93 71 59 54 50 74 49 78 57 80 52 83 61 81 75 71 79 80 82 74 86 102 85 90 108 86 77 83 92 94 101 105 99 100 109 109 91 102 120 124 130 141 139 147 165 153 170 167 175 188 193 195 194 188 171 187 183 186 135 108 79 81 85 86 81 93 69 71 82 92 90 109 136 114 128 119 95 95 98 107 117 112 122 112 125 109 101 100 112 123 107 107 128 113 110 115 124 70 5 12 4 21 11 16 31 26 25 10 30 32 9 20 37 33
146 135 111 71 49 55 77 103 117 146 133 148 123 132 110 69 56 49 50 62 74 53 51 60 73 65 69 73 92 75 84 83 102 94 96 100 81 99 103 93 82 87 102 90 87 108 106 108 90 101 117 95 104 100 121 132 148 147 173 174 172 173 190 192 185 186 180 184 185 210 210 236 233 251 167 74 99 75 69 87 83 64 84 96 109 130 134 128 112 103 102 91 86 92 86 123 124 114 101 125 125 99 103 105 102 118 113 130 117 114 60 11 3 29 17 33 24 7 30 30 13 12 19 23 23 37 37 76
130 111 83 56 48 55 91 113 130 139 152 123 144 138 93 77 65 54 58 72 57 74 69 73 68 57 61 67 89 85 80 89 93 87 86 102 104 95 82 80 91 76 104 96 78 84 84 96 87 118 116 99 120 106 99 124 145 158 150 182 175 195 182 197 179 165 186 206 231 230 232 218 235 238 228 108 98 99 79 72 76 91 76 98 110 105 130 139 111 128 97 100 54 55 100 95 119 111 128 114 118 117 129 121 101 120 101 116 108 74 34 28 25 4 34 9 32 12 33 36 15 16 19 20 37 29 73 130
113 94 58 60 65 55 92 111 130 141 131 149 135 110 90 73 52 52 56 69 72 58 74 67 83 61 74 79 83 94 85 84 78 79 85 98 101 88 88 75 99 74 93 89 107 96 89 100 107 113 99 125 106 102 104 121 148 151 161 160 161 188 157 147 187 232 228 208 228 215 200 222 206 231 243 198 89 89 80 66 64 90 91 103 89 123 135 142 139 131 110 93 70 52 64 90 123 99 128 123 125 123 113 99 118 125 100 123 96 46 19 6 8 33 30 19 16 25 27 25 10 9 37 33 42 73 113 102
88 78 73 71 47 73 87 121 133 137 141 133 132 136 96 70 74 51 53 53 77 79 78 71 76 78 75 78 74 75 85 85 103 106 85 84 71 90 78 78 85 95 95 94 73 85 96 103 97 112 122 99 111 119 120 111 134 154 173 174 162 160 181 206 213 217 203 211 203 213 209 213 214 211 227 238 177 88 81 94 73 69 66 78 93 118 126 119 132 112 97 88 62 48 55 74 112 124 106 104 102 103 117 101 116 121 118 109 53 5 24 21 11 22 37 22 6 21 30 8 25 15 29 40 67 114 135 113
83 59 50 62 56 75 73 97 128 125 131 146 135 111 105 64 43 60 67 48 78 75 52 80 55 56 81 78 82 78 81 91 82 76 94 88 80 79 85 87 100 101 100 74 97 95 113 102 100 115 122 115 128 99 129 129 141 138 152 144 139 207 226 200 200 225 218 217 215 216 204 230 208 219 200 225 241 148 67 82 81 88 93 80 106 113 136 118 139 112 98 100 41 46 30 68 74 102 113 125 114 120 106 100 103 97 122 65 30 19 16 6 8 13 19 20 15 37 12 24 18 46 31 59 95 107 117 108
65 64 71 57 65 48 96 121 114 124 154 143 142 118 115 83 73 59 49 62 67 53 59 57 65 87 80 90 90 92 100 96 89 92 101 69 76 85 75 99 102 80 87 102 82 95 106 108 122 114 104 106 132 102 114 109 138 163 143 168 208 218 197 210 205 192 182 205 208 190 216 196 201 215 221 231 211 239 234 89 73 67 86 92 109 128 128 134 112 110 102 94 66 44 20 52 70 102 96 113 121 119 119 110 123 120 101 28 29 13 14 26 27 11 28 30 24 34 20 11 18 35 78 90 102 133 128 141
72 76 54 53 72 74 83 118 137 135 143 131 137 107 106 85 45 65 59 62 80 66 70 62 60 73 71 70 94 87 101 98 80 105 79 69 81 86 90 73 81 95 91 78 115 109 118 102 112 101 110 108 105 129 111 123 135 134 195 206 179 205 192 195 186 203 207 205 213 215 205 214 204 204 226 201 226 220 210 242 106 86 65 90 107 110 130 130 119 115 99 76 56 35 35 41 74 82 101 99 129 120 113 98 107 95 48 28 3 13 13 32 24 11 14 26 19 32 22 20 24 69 97 99 124 106 147 145
72 54 73 70 61 65 70 109 123 145 139 143 126 126 100 93 73 46 44 55 78 80 59 53 56 83 70 93 79 74 98 103 110 131 85 68 93 73 100 82 81 74 80 110 104 93 100 114 110 120 126 119 122 106 129 126 176 155 180 183 175 183 190 204 180 206 214 195 197 220 207 209 206 221 218 225 201 236 229 234 174 88 67 91 108 117 120 126 119 109 106 74 68 32 27 33 62 66 86 99 102 121 100 102 115 83 14 29 15 27 24 11 33 22 33 20 24 15 24 42 45 112 113 120 132 144 139 124
67 61 59 65 72 69 67 105 139 135 140 134 143 121 106 76 55 50 58 73 77 59 65 66 68 71 82 90 73 74 87 85 164 113 69 81 83 78 95 75 90 107 95 112 97 118 105 121 125 108 110 117 101 87 144 165 179 185 157 173 184 190 174 183 206 179 208 201 216 195 198 220 204 212 211 210 198 229 224 236 247 154 72 87 97 113 111 128 118 124 120 97 68 23 35 26 52 51 84 151 198 177 151 152 82 22 21 13 25 22 35 30 23 5 6 31 13 25 36 29 95 130 104 116 145 142 131 147
59 67 70 67 52 71 96 106 123 150 150 148 129 118 112 65 50 64 61 74 49 77 65 69 80 56 77 80 92 96 104 103 169 97 91 90 81 100 77 84 84 96 105 118 99 90 130 121 99 105 96 113 87 140 154 186 156 159 174 176 162 190 200 179 187 199 193 187 218 200 214 210 207 209 205 208 224 226 231 224 246 228 74 107 119 107 124 140 120 125 101 93 48 26 32 41 22 88 208 203 179 203 208 208 90 7 10 22 13 30 16 23 30 24 27 28 19 29 43 90 112 124 120 121 121 141 137 122
55 72 45 56 49 52 69 117 135 145 133 138 120 117 110 73 66 70 67 53 53 62 78 71 59 62 76 75 73 87 79 148 153 96 73 88 77 97 79 98 100 107 111 99 113 104 99 115 100 91 85 114 152 153 165 177 162 177 143 169 175 190 179 190 204 190 205 202 201 204 214 219 214 210 222 208 215 217 199 209 216 224 139 104 95 114 138 117 128 132 107 90 75 38 45 37 132 236 183 190 219 223 215 244 195 7 31 25 12 31 35 25 24 8 8 15 22 40 62 114 102 117 118 139 138 126 148 132
66 51 57 50 76 80 84 111 135 147 131 146 137 123 107 77 46 53 47 72 59 64 58 67 83 67 83 67 76 95 74 172 143 104 81 81 92 84 74 95 100 111 103 104 98 109 112 110 95 85 126 151 170 155 147 155 162 168 176 152 179 180 182 171 186 207 175 190 202 195 180 207 194 201 196 190 212 210 213 212 219 211 212 90 96 126 128 145 131 121 113 94 82 36 61 170 221 148 221 242 203 205 202 211 239 38 26 21 22 22 7 28 4 8 22 32 23 42 115 116 117 122 123 131 143 126 142 131
70 61 59 52 59 58 71 95 128 150 126 135 133 138 111 85 54 71 73 60 80 78 73 74 85 84 76 70 76 102 91 176 152 92 72 92 67 72 85 102 91 87 102 99 89 94 107 90 79 136 145 157 149 132 150 157 174 149 173 184 166 164 178 183 157 183 180 193 186 187 188 184 208 194 194 200 214 200 201 216 202 216 229 192 97 113 147 126 143 135 111 96 69 105 226 197 181 222 218 211 197 200 212 224 217 47 35 26 23 10 19 19 31 16 33 33 28 97 111 128 122 118 130 139 130 129 138 132
51 69 72 70 68 57 83 109 130 154 156 136 153 120 103 86 57 51 68 51 73 83 71 61 87 89 74 83 90 98 109 206 134 86 92 77 86 79 78 80 96 88 82 82 95 97 109 78 140 131 143 120 167 135 137 155 149 181 173 170 186 176 176 158 168 170 190 190 187 182 192 195 193 215 153 169 190 205 205 202 199 196 224 206 203 141 136 145 123 114 107 108 195 222 179 190 215 218 220 186 207 183 224 218 231 34 24 11 33 14 21 14 36 38 24 33 60 133 131 135 137 125 141 129 144 122 148 148
53 62 58 57 74 81 86 104 119 131 137 140 131 132 97 75 56 60 54 65 77 85 86 59 86 67 91 101 91 84 138 179 115 82 95 78 86 70 75 73 92 94 95 93 91 96 79 142 147 141 139 134 141 153 157 173 151 161 157 147 167 156 150 182 157 184 174 193 167 189 178 192 188 169 179 196 211 190 189 201 199 201 190 196 201 178 140 137 130 132 167 220 199 176 207 220 204 204 184 185 202 198 204 219 179 18 21 32 12 19 25 34 34 47 26 55 120 124 120 122 145 138 136 147 140 131 148 122
72 67 75 68 84 67 91 101 124 136 147 139 134 121 101 87 67 58 77 57 57 69 75 64 77 61 88 68 90 98 151 148 112 80 84 97 70 71 97 85 89 83 93 90 87 106 111 125 133 134 137 110 147 154 160 160 165 151 155 171 130 173 173 150 160 178 162 184 154 187 173 171 159 177 175 167 170 195 188 175 194 183 182 181 198 182 120 147 160 199 197 164 198 203 216 185 214 189 204 199 217 198 218 198 152 36 26 31 18 32 13 21 37 30 60 98 115 112 142 137 136 131 132 142 141 139 124 146
67 81 82 58 89 66 100 116 132 148 131 137 132 124 99 88 67 44 66 50 85 77 88 69 62 69 86 92 74 96 182 155 112 102 91 70 87 92 90 71 85 76 101 90 111 108 137 125 138 121 121 128 131 147 150 154 160 170 148 156 162 153 171 171 147 168 162 176 189 172 162 158 194 158 187 183 196 192 187 178 167 175 172 164 175 178 159 208 183 173 194 194 214 196 210 199 212 196 194 208 173 201 218 218 136 39 30 12 26 35 8 36 37 46 56 112 135 115 143 154 138 143 136 122 122 146 143 120
64 61 72 79 67 70 99 109 134 146 140 147 162 140 108 85 74 50 58 80 79 76 73 72 77 59 80 79 85 91 227 162 141 97 93 99 66 70 96 85 101 97 85 84 112 131 128 114 106 113 140 135 139 133 145 163 146 144 143 147 147 169 171 149 149 143 146 185 169 175 164 185 182 167 187 177 190 160 158 172 169 170 166 161 174 197 181 166 203 219 227 208 198 184 181 186 214 209 210 164 188 201 206 196 58 49 20 30 22 13 34 35 38 68 92 137 122 120 131 135 130 125 151 141 147 144 136 150
60 53 73 86 83 69 79 101 118 156 152 162 154 123 108 89 66 69 56 73 82 80 82 65 60 71 80 88 101 96 205 165 136 131 118 86 90 77 92 87 88 90 104 103 112 124 139 114 134 129 147 113 125 143 136 153 149 161 173 168 152 158 162 159 170 144 160 151 174 155 175 166 178 165 189 157 158 167 150 142 162 171 131 186 193 161 179 208 216 210 196 193 200 198 187 188 203 200 152 145 173 178 188 182 21 17 25 6 31 16 38 25 39 86 111 128 116 141 155 155 126 126 141 133 122 131 132 138
53 78 74 55 59 79 87 106 136 147 160 149 158 142 118 77 75 51 61 50 58 81 57 87 86 89 70 98 85 100 208 156 139 134 117 110 84 81 88 87 86 102 121 108 100 110 84 105 116 114 131 128 145 129 141 112 165 160 148 151 158 134 145 131 156 134 156 131 135 172 157 175 181 146 168 159 140 173 178 162 141 155 190 185 190 205 196 188 199 179 189 190 206 201 202 217 197 174 131 136 143 150 156 103 46 21 38 28 23 30 18 46 70 104 116 130 145 145 140 147 136 130 147 134 150 149 121 147
62 55 79 71 61 90 101 114 144 143 145 144 147 146 120 88 72 71 57 81 72 71 61 83 71 74 76 89 80 102 182 156 140 118 125 106 88 67 98 94 108 120 100 105 106 99 122 125 137 119 140 138 130 126 106 139 152 123 161 146 153 144 128 153 134 148 131 161 140 164 146 153 138 151 136 149 137 146 137 153 190 164 165 193 210 214 181 170 174 198 188 213 212 207 185 219 189 147 130 138 108 148 180 38 26 15 23 33 14 46 46 53 93 132 110 122 128 146 126 137 123 137 141 122 152 126 148 146
64 67 56 79 62 91 89 122 148 139 164 136 133 137 124 86 64 45 62 81 74 67 60 87 69 61 86 86 104 112 177 157 158 138 122 109 98 100 84 99 113 105 122 93 111 117 124 118 114 119 105 145 109 131 126 134 125 136 125 117 144 155 155 128 121 133 139 147 157 161 145 137 139 144 139 153 135 148 158 176 161 199 211 199 181 190 190 202 177 189 195 197 193 209 218 193 166 130 122 125 123 122 152 20 16 19 25 13 22 47 46 82 119 135 121 123 140 147 143 126 129 133 121 123 121 138 134 128
56 71 69 53 58 93 103 112 123 145 146 144 139 150 113 83 75 47 71 58 65 77 67 58 83 70 65 70 81 135 192 176 147 142 132 142 96 101 82 121 100 102 93 87 118 101 126 129 114 117 119 124 125 137 149 114 108 136 131 102 92 106 106 138 137 129 122 145 128 146 129 154 151 148 125 145 163 173 156 187 204 189 193 181 176 198 189 181 210 205 214 193 208 219 194 188 153 134 118 98 116 184 100 24 35 41 24 38 20 19 55 90 134 114 125 134 130 136 152 144 141 144 138 138 119 145 144 123
73 74 64 74 66 66 94 103 149 162 140 160 160 121 117 85 59 62 69 52 67 55 57 62 86 88 91 79 80 160 190 174 157 141 153 136 118 93 98 92 96 109 90 93 116 116 105 84 107 103 121 118 139 111 99 98 96 76 77 100 118 138 87 92 115 121 118 108 116 123 128 102 102 135 142 167 164 156 206 209 179 186 190 189 182 184 203 195 205 203 190 197 194 210 200 164 136 79 87 91 158 192 31 20 31 19 8 40 41 35 56 113 124 112 148 151 123 138 133 138 140 142 135 129 139 128 140 131
60 84 60 71 86 86 88 114 135 144 166 144 138 128 110 73 64 72 78 76 66 79 66 84 76 64 72 85 84 149 195 200 180 166 120 122 120 85 104 103 117 78 93 113 107 115 105 120 105 106 120 122 128 108 117 106 66 68 51 62 120 140 96 84 62 53 46 71 70 46 24 43 31 135 160 152 163 184 196 192 202 178 172 185 177 207 184 200 186 213 197 189 185 195 122 81 93 68 104 150 206 76 45 31 19 21 23 32 37 44 96 111 117 128 141 139 150 151 129 131 123 129 130 130 139 145 145 146
68 65 64 68 61 80 87 133 137 151 143 150 146 136 103 91 50 73 62 80 80 80 75 66 68 87 71 93 89 104 223 190 209 162 109 118 120 82 101 109 87 96 122 103 107 92 101 114 102 114 125 126 82 113 80 75 81 88 58 47 75 74 71 47 31 48 44 28 32 7 17 17 121 143 128 196 200 184 179 192 179 178 189 196 197 189 196 198 201 186 200 152 96 71 96 88 84 97 124 167 107 21 42 34 37 15 14 26 35 56 130 107 131 125 146 153 147 150 153 141 136 129 128 130 151 134 120 130
74 57 70 64 89 87 102 106 142 146 148 163 157 124 119 84 50 72 61 57 82 87 76 82 87 72 87 83 92 93 211 206 207 153 131 120 112 95 103 87 104 99 104 103 94 116 96 108 102 104 99 82 93 101 76 64 55 38 19 37 34 64 50 67 52 41 25 20 26 15 23 153 118 156 179 175 174 172 180 169 178 180 193 176 201 194 192 181 205 174 108 76 82 69 96 114 114 163 178 52 35 41 25 21 37 32 26 17 43 87 122 122 144 132 140 154 132 137 132 126 131 131 132 122 122 144 126 143
89 88 69 83 67 95 89 121 134 139 162 143 160 136 110 92 61 58 52 67 54 77 62 87 61 89 80 85 74 93 185 204 208 171 140 119 138 109 89 104 115 96 111 81 102 90 99 92 119 116 100 105 96 69 54 54 44 19 19 38 49 45 26 28 55 47 37 39 1 46 154 103 157 164 153 172 167 189 167 169 185 181 171 186 189 184 184 159 101 108 85 74 107 106 134 145 135 159 74 42 44 34 37 14 18 13 23 37 69 119 132 136 157 150 151 131 141 147 128 147 132 136 120 137 139 146 134 133
67 87 89 64 65 87 89 131 144 145 154 150 148 146 125 83 58 64 70 65 84 61 74 87 89 87 90 71 83 106 137 206 180 187 145 119 132 91 84 110 101 104 78 97 106 97 88 99 116 100 78 85 42 21 41 20 20 31 21 46 60 17 20 45 50 15 26 41 64 148 110 187 180 184 169 161 163 154 155 158 187 168 175 167 168 177 105 79 81 97 140 128 150 133 142 137 178 54 38 27 28 34 31 23 9 38 32 53 101 129 108 135 134 139 143 151 145 147 147 145 124 143 150 126 123 145 131 143
64 84 65 80 70 82 88 105 141 146 165 157 143 133 111 77 54 53 68 70 68 76 71 68 84 80 64 93 72 98 91 205 196 176 163 140 121 85 97 95 116 101 108 111 98 81 90 104 67 72 75 46 39 23 26 17 16 7 30 38 23 21 46 68 32 64 1 133 111 119 189 185 165 161 182 164 153 170 151 177 163 169 168 182 128 66 83 84 75 100 135 145 152 142 138 149 77 24 16 25 14 20 15 11 18 27 28 64 121 121 114 143 135 136 142 151 130 155 149 148 133 131 134 144 144 140 144 122
66 70 82 69 71 71 105 121 134 136 163 166 144 136 134 89 50 70 53 68 56 74 61 72 66 76 73 93 101 93 85 167 207 200 166 162 111 118 104 100 102 92 108 86 108 113 87 68 47 49 31 27 47 16 26 41 22 27 49 7 31 42 27 48 32 75 75 92 133 193 202 184 185 161 165 165 153 173 155 160 171 175 173 136 98 80 74 55 102 99 98 111 157 168 143 20 33 13 26 35 9 38 14 11 27 34 36 70 99 101 128 150 146 141 131 134 156 157 138 133 130 135 147 149 125 140 125 129
80 89 77 82 62 82 98 107 128 164 145 145 152 128 112 78 53 50 60 72 67 78 77 83 60 83 85 78 90 88 100 100 202 187 186 154 108 103 100 99 106 107 114 103 96 92 101 66 51 48 35 59 14 29 35 51 25 11 31 6 35 34 18 32 68 79 84 110 163 172 193 179 176 163 158 145 153 168 178 173 156 150 180 154 109 69 97 64 76 98 82 113 144 79 11 31 12 29 23 37 19 22 12 15 48 35 48 84 114 129 146 139 131 153 147 134 141 136 135 137 153 128 129 138 147 143 148 143
62 80 81 69 62 92 99 128 136 153 141 146 137 134 112 94 74 43 57 50 83 57 61 60 82 88 87 95 98 99 107 86 142 216 175 166 131 104 83 82 108 104 77 101 105 104 65 35 49 34 49 42 14 18 35 34 25 28 2 12 15 13 41 43 66 80 114 139 177 157 175 150 157 160 169 171 167 152 175 188 178 183 164 184 135 88 49 75 47 84 96 96 90 18 27 22 8 32 26 27 13 36 6 43 41 43 61 103 107 121 158 140 152 136 156 138 133 135 138 145 134 125 154 131 150 146 135 135
73 75 88 77 75 74 75 110 120 144 165 141 160 142 110 102 52 69 74 71 78 82 58 79 75 72 90 90 98 94 95 81 126 227 216 161 103 112 103 105 81 105 102 86 93 57 71 38 33 6 19 23 30 33 38 42 36 28 20 24 31 31 15 73 77 97 133 172 169 179 157 160 165 150 173 162 141 167 168 180 173 165 171 167 153 112 51 30 47 67 104 103 72 42 33 13 34 15 33 24 15 8 27 36 15 55 94 120 120 125 149 133 137 135 149 142 133 140 146 150 146 133 153 137 142 135 139 148
91 68 70 74 80 70 99 116 129 133 143 140 165 151 121 101 52 43 77 67 82 83 84 71 76 75 87 83 81 94 81 81 126 211 208 125 97 97 96 85 83 85 83 72 68 45 28 29 7 25 7 32 33 10 21 10 65 21 16 8 4 11 101 84 158 121 155 153 163 166 146 141 140 164 140 143 169 187 175 175 176 188 187 174 168 103 81 36 44 34 95 112 44 29 13 31 31 36 14 26 10 32 9 36 46 66 119 116 119 123 143 135 153 150 138 138 146 125 144 145 124 136 128 125 148 132 143 137
70 85 79 73 72 89 98 100 138 162 162 151 159 141 116 105 73 65 69 57 86 81 83 78 69 78 83 85 97 82 91 92 91 226 176 111 111 76 81 108 87 95 79 70 48 39 40 19 25 11 14 32 16 37 21 16 50 21 27 5 19 111 96 162 146 125 141 173 170 171 161 156 178 130 146 170 156 170 194 181 180 199 185 195 181 130 64 33 21 41 69 126 53 16 30 20 37 22 17 12 32 33 36 27 48 90 100 126 123 134 126 125 117 129 146 133 125 129 138 134 154 146 136 131 149 134 149 129
86 85 86 67 88 86 94 125 128 160 161 167 166 139 108 84 60 59 58 77 75 72 84 68 83 71 89 100 91 102 108 107 97 163 181 106 101 102 80 100 98 85 66 39 18 34 46 19 33 4 11 5 32 13 33 30 6 34 30 15 124 87 169 146 167 138 144 168 192 148 167 155 142 155 157 176 173 188 189 183 192 207 183 192 178 140 82 48 15 24 41 124 72 25 25 37 26 14 26 22 26 38 26 26 50 113 121 141 150 141 129 145 135 128 118 123 140 141 131 134 141 148 148 146 147 122 118 133
60 89 89 60 66 72 93 124 132 164 144 147 150 150 116 105 51 75 48 83 80 82 62 75 72 88 81 98 91 80 99 113 107 108 211 115 90 107 95 107 77 51 47 40 24 1 34 26 4 29 23 24 12 13 53 47 28 76 26 92 112 164 167 177 164 148 144 170 169 150 131 133 152 162 138 171 164 192 172 175 179 202 186 193 207 143 108 54 26 22 31 101 70 19 25 11 15 16 39 21 24 35 25 37 98 118 116 134 141 142 147 148 125 137 136 145 141 136 137 135 117 131 150 148 124 140 138 131
60 83 59 76 78 65 84 126 131 141 161 166 143 134 111 90 80 57 58 75 88 77 80 85 65 90 78 95 76 83 102 102 105 106 123 87 102 103 91 100 58 23 22 30 7 25 31 24 38 10 20 18 24 9 27 45 0 39 84 99 134 158 143 158 184 131 147 171 144 122 142 154 138 167 167 148 175 165 177 184 196 183 199 198 201 177 96 78 42 9 57 105 85 23 7 31 22 24 37 25 20 19 25 38 107 116 130 139 145 147 154 131 157 125 146 120 137 136 130 135 135 110 128 139 141 130 125 118
87 66 64 86 82 83 89 123 139 134 141 153 147 141 134 91 77 66 78 82 79 64 71 87 84 74 81 78 81 96 105 95 86 107 102 100 84 82 81 89 41 48 7 43 24 32 5 33 28 8 30 27 4 35 25 51 14 70 72 122 133 143 128 179 182 161 157 142 141 128 133 140 163 152 150 148 171 163 175 178 200 177 203 198 185 186 131 57 38 31 45 84 109 31 22 15 38 21 28 32 38 47 34 84 97 108 118 140 145 152 134 138 134 149 141 153 142 124 126 139 140 121 109 117 115 125 142 126
71 75 62 85 59 64 92 113 146 164 168 156 143 152 125 97 67 68 59 68 60 87 89 89 83 88 79 81 101 89 103 112 145 81 83 106 82 93 98 44 44 24 29 32 30 24 19 17 12 16 19 38 12 23 39 30 34 100 131 149 158 147 134 162 178 153 100 78 91 91 112 134 159 159 162 161 146 169 189 187 178 179 195 179 170 158 112 62 27 16 31 64 115 56 25 18 37 40 28 10 31 22 28 96 100 111 122 141 128 130 137 126 151 157 140 130 147 147 139 139 115 141 117 137 128 135 122 114
69 62 71 79 68 62 77 113 122 162 163 150 168 161 116 87 51 71 62 79 84 72 70 70 84 94 80 73 81 98 97 143 93 56 29 100 138 72 66 19 62 29 26 51 11 27 20 26 22 15 10 20 42 38 31 26 111 123 165 150 172 152 153 165 162 111 110 122 110 62 53 79 92 126 156 141 143 170 156 164 161 180 179 143 114 70 58 46 40 34 37 52 126 39 34 30 24 36 9 15 35 37 54 118 116 119 151 144 152 133 125 151 144 124 131 152 125 126 150 128 126 149 120 137 132 111 129 108
82 74 87 90 65 62 73 117 126 154 158 155 152 149 137 86 69 75 59 77 85 68 70 83 84 66 91 97 99 102 122 107 111 58 49 95 93 52 29 33 27 11 40 33 6 22 6 25 28 23 23 21 30 28 7 104 99 163 167 171 150 154 185 141 91 95 88 83 132 90 81 58 73 75 121 126 149 172 184 176 159 155 94 70 76 76 74 51 48 16 37 61 118 58 30 21 41 32 13 32 23 36 80 116 119 123 147 139 149 142 137 133 152 122 151 150 151 123 128 136 129 133 146 131 145 125 128 131
90 87 67 58 66 62 87 110 117 136 150 149 142 157 134 92 75 75 77 57 87 82 70 61 71 70 92 81 105 137 131 110 134 125 92 67 33 30 43 49 19 50 11 10 30 29 16 12 36 14 16 36 16 42 56 97 154 151 166 180 152 178 108 68 44 50 31 27 46 27 48 92 89 82 89 138 148 164 165 157 166 112 91 38 31 38 29 39 30 9 25 49 111 52 38 28 43 22 31 37 26 29 95 128 124 145 126 130 151 134 149 137 152 144 135 149 142 142 139 144 131 143 147 133 142 124 120 108
72 72 84 54 78 66 66 98 136 153 150 161 146 129 119 86 59 57 78 54 84 71 59 85 69 74 103 145 162 136 133 115 113 51 70 13 53 38 54 30 24 47 16 16 37 24 6 4 24 45 28 26 32 36 124 133 159 148 180 169 151 95 69 34 28 25 4 23 57 49 29 65 89 84 101 99 122 141 160 176 107 33 20 12 53 8 8 19 15 28 14 59 124 66 45 45 42 13 32 47 46 57 124 118 144 131 131 143 152 131 129 145 132 132 144 138 126 138 140 131 118 135 115 122 130 138 113 120
79 62 65 78 76 74 90 96 137 166 161 145 163 149 114 82 64 52 71 80 87 90 78 64 70 66 100 155 115 120 111 103 110 58 24 39 28 28 27 23 39 45 11 16 31 32 33 17 11 13 28 20 20 75 117 168 155 154 183 186 101 54 59 33 49 38 7 61 126 151 67 69 61 93 81 101 124 146 198 158 59 31 31 53 90 42 30 35 20 19 37 45 110 68 33 26 27 6 27 19 19 59 105 109 126 126 137 137 124 138 120 143 135 143 128 124 140 138 144 129 128 120 114 131 107 125 122 110
64 82 64 62 51 54 68 99 120 145 164 167 145 154 138 96 77 54 83 70 66 88 80 82 79 52 70 105 160 177 129 42 22 25 29 20 39 13 34 44 44 40 21 21 31 3 42 8 4 9 10 12 37 88 138 146 161 176 180 131 94 71 83 58 73 42 52 92 189 163 128 75 88 92 99 111 113 178 182 94 106 71 58 62 120 60 42 25 27 11 38 41 116 72 42 21 15 35 23 29 42 100 123 124 145 143 138 125 131 123 138 135 131 135 138 150 121 135 136 126 138 128 135 128 129 131 130 135
73 56 79 51 61 47 87 99 135 136 149 145 170 160 114 97 77 61 76 90 88 67 98 74 40 77 119 153 170 201 57 33 22 48 49 22 18 33 39 29 31 66 14 4 31 9 31 29 4 13 23 17 86 117 154 175 176 174 107 82 77 92 111 75 76 98 115 138 149 161 125 122 99 92 103 102 136 176 216 121 79 93 103 135 110 55 33 27 33 23 25 49 115 78 68 40 18 11 35 23 65 121 103 121 130 128 122 124 143 123 132 125 132 121 149 123 139 124 119 115 122 128 125 135 129 137 174 166
71 60 60 70 59 64 73 108 115 152 154 162 169 141 117 96 75 72 73 79 98 68 78 56 77 129 114 98 86 45 27 55 68 52 33 11 50 37 33 31 68 67 37 20 11 11 6 28 15 22 10 51 102 147 162 170 186 95 92 97 118 122 118 119 101 90 98 111 100 100 126 121 104 100 90 90 122 170 213 145 117 93 73 66 40 42 60 51 17 21 34 42 120 79 65 33 14 11 53 38 91 122 118 141 152 148 124 135 122 139 129 141 135 146 150 139 133 126 117 135 129 121 126 170 171 181 188 170
78 81 60 50 75 55 75 91 139 155 147 161 171 162 138 88 79 64 78 91 78 71 106 122 114 118 66 33 37 7 29 33 67 70 36 22 28 25 50 36 50 64 47 9 27 24 21 19 21 5 12 111 118 155 158 182 119 91 84 110 121 110 113 113 134 129 114 110 138 146 129 114 123 96 100 113 125 177 198 173 147 133 112 104 86 54 60 57 18 31 33 21 100 102 34 34 10 36 45 46 106 121 132 129 150 145 125 142 124 121 126 132 147 130 119 117 116 117 119 125 124 140 165 170 185 186 184 192
62 49 75 64 52 64 65 94 128 143 160 145 149 144 131 113 81 81 77 95 76 84 71 82 69 69 36 46 29 35 33 50 56 39 29 27 29 46 28 78 41 31 48 15 31 1 23 28 23 9 77 88 146 169 172 117 91 101 103 110 118 134 139 133 140 141 141 155 142 126 126 119 116 129 124 101 113 170 206 181 145 122 112 106 102 83 80 50 29 51 59 25 96 110 45 11 11 32 39 46 92 121 142 128 134 148 138 147 137 130 118 128 144 144 143 116 124 126 117 129 166 184 209 195 189 181 196 190
58 44 70 51 55 40 47 92 136 157 169 163 158 151 147 111 67 65 88 80 84 103 99 93 112 98 68 45 44 45 30 57 49 47 9 14 19 26 54 31 54 94 42 40 30 10 13 5 14 25 108 112 168 159 151 51 76 79 95 93 129 119 137 142 146 138 136 161 156 134 121 114 117 103 117 107 109 164 224 192 145 120 110 87 93 90 83 53 47 29 48 38 111 137 49 27 30 39 29 68 97 106 147 139 121 142 120 142 129 135 145 119 143 118 145 118 141 116 134 162 172 189 187 207 202 201 187 196
55 68 51 55 65 55 60 84 125 143 147 149 163 145 135 106 83 55 66 72 99 99 85 71 53 41 46 45 34 53 52 55 53 4 20 26 6 11 44 19 31 10 54 87 28 31 11 28 28 90 95 150 161 178 33 59 83 91 76 107 102 112 137 131 152 156 158 160 155 130 132 137 132 111 109 91 116 143 225 177 131 143 132 100 107 95 86 48 22 51 44 28 82 109 77 37 43 52 47 82 111 111 154 124 153 133 143 119 139 147 125 140 119 119 123 129 140 143 136 197 202 200 208 184 203 190 204 203
48 57 42 49 54 47 68 94 114 140 154 157 168 141 134 95 58 64 72 69 86 97 78 65 61 46 39 45 54 11 72 54 15 33 12 17 1 15 6 6 52 26 80 93 67 9 3 11 25 99 136 168 190 28 38 44 61 88 76 113 94 128 116 124 150 162 162 157 150 136 126 120 135 124 108 88 101 128 185 187 146 138 130 108 84 84 93 31 36 39 54 46 96 112 78 33 43 35 65 98 112 136 133 144 123 137 121 128 119 132 121 131 128 118 133 116 122 134 178 206 199 178 203 190 214 216 205 221
54 45 46 39 46 54 74 81 113 158 161 141 146 160 130 110 64 58 69 91 77 75 99 93 51 74 37 51 29 31 22 58 33 29 31 12 28 10 23 15 41 27 51 78 98 32 24 34 83 99 175 185 116 28 45 48 58 83 87 105 100 105 114 116 147 146 142 140 149 135 118 120 112 95 97 83 95 136 184 218 153 139 116 112 101 95 57 36 19 51 41 26 84 115 87 26 32 49 73 126 124 147 153 135 136 144 132 137 142 133 133 124 119 143 129 120 123 161 207 186 203 187 201 192 205 222 213 210
58 58 58 51 39 55 53 106 131 154 162 166 161 136 136 114 79 67 93 69 115 104 55 37 78 62 47 28 48 42 61 61 35 29 18 30 11 31 46 67 60 71 93 103 35 81 6 38 100 128 177 159 34 22 66 68 65 75 83 110 105 129 111 126 130 130 156 130 157 145 136 129 103 91 102 79 100 135 186 223 152 131 121 118 93 91 70 13 36 44 42 22 77 104 112 21 28 53 98 130 110 143 133 128 141 122 123 146 148 124 147 123 147 126 120 114 143 200 199 187 194 209 193 214 218 228 209 214
55 48 39 37 33 59 64 80 119 141 167 141 165 148 130 98 61 68 89 93 74 77 66 62 69 39 33 21 55 30 67 69 44 22 15 6 8 18 49 81 70 96 75 123 34 41 29 66 104 159 160 21 21 18 48 59 82 79 73 97 101 112 102 115 130 119 144 148 132 140 116 96 101 81 101 80 113 134 146 233 165 116 123 111 98 85 39 18 44 44 65 27 69 121 107 28 44 49 114 133 134 142 142 141 139 149 148 141 125 151 118 144 142 126 124 140 187 210 212 204 210 215 217 220 227 230 212 220
45 64 41 33 32 58 71 103 120 148 161 149 142 155 141 101 85 77 74 82 84 76 48 45 47 69 40 42 62 37 59 64 39 23 9 25 33 33 34 75 85 119 62 34 27 23 60 78 83 136 99 34 24 29 70 41 72 88 96 96 112 118 129 136 126 140 145 123 143 121 109 95 75 110 102 109 112 110 148 224 149 109 103 91 102 59 32 18 30 35 57 40 51 122 119 55 39 70 117 128 123 134 140 144 137 139 150 145 120 130 132 135 131 147 121 158 189 192 201 192 222 227 241 229 232 236 216 219
47 40 52 49 51 58 42 83 122 157 169 168 171 164 134 116 75 67 90 62 76 94 36 60 67 36 20 28 44 15 66 50 39 43 11 28 32 10 30 66 16 52 48 12 42 37 131 150 153 125 49 16 29 19 60 51 55 76 92 101 100 111 106 129 109 130 115 142 128 124 118 91 98 116 105 109 100 100 152 187 139 130 109 80 78 58 27 7 39 47 33 32 32 129 123 77 45 70 118 119 129 155 131 146 129 135 139 129 135 141 123 132 146 147 134 164 202 206 205 219 217 228 221 228 211 217 218 235
47 38 38 61 54 52 79 114 124 147 148 140 144 161 123 113 64 48 59 66 81 60 45 55 69 45 11 58 17 32 49 61 79 72 6 20 27 7 11 25 44 58 33 36 26 95 161 161 162 47 17 12 20 29 51 51 77 74 84 82 104 92 102 134 137 131 118 123 116 136 118 109 91 95 42 62 74 89 107 142 133 101 95 95 65 10 34 29 37 35 48 35 43 111 113 77 40 114 124 122 130 123 137 128 135 140 120 121 143 130 136 129 117 131 137 188 198 204 213 214 237 227 235 242 246 239 241 213
57 43 47 47 62 57 87 121 122 144 144 161 142 139 148 101 69 71 67 69 73 61 62 55 53 33 39 36 20 37 56 44 80 56 18 40 46 91 9 22 62 37 42 58 84 75 105 166 70 14 21 17 40 20 54 42 62 69 99 89 93 97 109 106 133 128 132 115 136 122 109 113 99 97 109 92 101 132 154 131 134 107 91 103 48 27 3 31 31 33 40 41 47 92 112 106 41 130 125 138 137 126 128 139 137 143 141 130 120 131 132 141 128 129 166 197 202 193 206 212 218 225 218 235 218 228 238 234
40 42 47 45 44 68 70 122 144 133 158 163 149 143 125 107 68 56 67 85 71 105 9 50 39 28 30 5 42 30 37 46 68 65 50 22 55 97 23 47 27 82 76 121 124 84 113 116 9 30 24 17 24 24 56 51 53 89 69 74 97 91 97 102 124 108 136 114 140 124 113 126 118 124 110 167 134 154 176 133 125 106 75 69 12 30 19 25 26 45 46 28 25 71 125 92 64 129 141 148 132 147 123 149 144 120 137 135 128 121 119 144 142 136 162 209 198 201 237 214 229 240 228 214 225 247 218 237
43 49 67 59 45 70 100 99 146 142 143 150 152 161 146 110 62 55 58 59 83 73 45 34 48 36 28 29 31 28 27 42 49 80 76 54 49 60 31 25 76 107 151 136 61 89 120 33 26 21 24 42 32 34 76 60 73 76 94 86 108 97 95 119 96 128 107 117 132 141 114 130 131 124 128 177 163 158 167 145 124 116 70 57 4 33 26 21 41 36 39 56 30 59 121 98 87 138 117 144 143 135 137 146 150 149 132 147 147 126 118 126 146 121 173 183 207 225 230 225 242 217 228 223 229 225 230 237
62 62 41 38 36 66 74 112 143 150 162 163 147 159 147 111 80 68 66 84 80 79 48 48 42 14 14 21 24 24 18 45 36 69 78 60 90 42 53 56 93 138 171 95 78 132 5 39 30 33 21 34 44 27 71 56 58 84 85 74 99 81 101 112 94 107 110 126 113 125 125 120 130 115 148 185 179 189 157 137 98 92 74 8 32 8 21 31 40 52 45 46 32 49 110 78 108 142 136 128 147 145 136 144 121 135 141 119 119 137 148 129 122 133 162 207 205 236 215 230 228 227 220 226 223 242 219 244
55 61 37 40 64 58 85 109 148 160 140 143 155 144 132 105 65 56 82 76 64 80 32 34 42 25 28 37 25 38 30 19 53 37 85 74 36 50 97 153 146 162 122 72 130 61 23 55 19 28 26 31 32 20 42 54 71 71 84 94 84 81 109 102 103 101 115 107 106 110 108 109 128 130 109 124 142 144 130 120 77 80 50 31 14 19 24 26 52 35 52 42 31 46 121 106 120 119 142 126 133 119 134 144 118 149 120 136 140 134 125 121 124 123 192 221 231 218 240 228 217 236 236 225 223 232 231 226
57 49 34 40 39 77 94 118 124 148 150 169 147 145 124 121 67 81 84 73 79 81 25 51 37 31 24 24 24 40 50 48 21 67 53 68 81 107 106 154 189 142 101 86 104 28 31 27 30 13 44 36 46 23 45 65 61 66 74 69 91 78 92 90 105 109 103 68 79 88 72 77 70 77 81 80 88 57 81 69 90 101 11 4 28 14 22 40 52 52 37 61 46 43 114 122 137 121 140 121 142 134 120 139 141 124 138 141 137 116 143 125 132 142 192 220 223 235 242 216 235 229 247 241 244 253 249 231
35 53 52 64 38 48 84 112 139 145 150 164 172 165 142 97 84 94 76 82 110 53 26 17 32 8 16 44 43 58 52 42 55 37 81 35 59 121 110 177 184 81 71 116 26 35 13 29 35 34 39 27 37 40 57 52 61 55 65 82 78 104 81 98 103 105 99 84 76 62 64 95 99 89 100 121 128 108 102 96 86 50 8 11 22 20 26 29 45 34 49 50 54 29 113 105 143 136 126 121 133 128 133 131 133 148 148 123 146 131 146 136 135 140 180 215 225 245 245 232 222 223 225 232 227 231 219 244
37 43 41 36 43 62 83 103 132 166 149 168 155 148 137 91 103 54 75 94 61 47 42 35 14 8 47 30 37 73 35 42 55 33 27 69 75 106 97 171 99 96 133 29 18 32 26 6 22 10 23 50 25 36 47 52 44 58 69 99 95 98 95 78 97 116 102 105 94 98 89 72 117 114 135 140 138 123 96 82 76 10 8 31 29 32 48 28 66 37 44 54 42 30 114 119 137 143 138 150 149 130 139 129 121 145 133 124 137 138 129 134 112 138 204 244 237 223 236 224 227 241 242 241 222 243 223 230
52 34 42 44 64 67 95 111 122 156 171 163 177 143 134 110 75 72 67 91 83 35 62 49 23 34 50 50 74 70 39 62 45 66 80 75 104 122 95 156 124 159 57 26 22 17 13 27 6 28 24 46 29 29 50 30 47 67 69 76 78 94 76 82 99 108 91 115 85 103 83 88 79 89 113 97 89 106 106 75 37 9 14 10 26 31 27 38 46 56 62 58 54 54 117 143 119 138 142 137 125 140 123 148 133 141 125 125 138 130 138 130 120 145 198 235 232 248 239 241 232 243 248 218 233 212 209 206
27 41 54 43 45 61 82 98 128 154 166 154 175 169 130 113 60 71 102 56 60 46 56 30 24 29 25 27 94 69 59 77 51 56 93 66 88 80 99 161 150 81 29 8 25 26 24 9 36 36 36 20 25 36 23 32 33 45 65 87 89 74 80 101 90 102 117 108 91 93 90 110 99 78 86 91 103 99 102 62 25 13 20 33 46 16 29 34 49 51 47 35 65 58 101 142 119 123 122 140 148 124 128 125 141 137 146 117 138 137 123 123 117 142 212 251 235 230 248 247 248 238 225 224 231 218 219 221
34 39 30 46 69 70 82 106 113 135 147 163 155 167 125 102 64 54 90 66 47 40 38 36 13 45 34 33 115 78 64 72 60 66 62 80 77 71 111 186 107 28 30 23 16 19 32 20 33 18 20 17 26 43 32 38 40 29 61 61 75 72 93 95 102 107 87 118 115 91 123 124 131 128 122 115 108 82 100 26 23 16 29 27 43 32 42 46 60 57 39 46 57 55 101 130 137 118 126 123 133 126 141 133 136 138 134 122 129 114 122 136 134 133 233 251 255 252 222 246 222 227 245 242 231 228 222 214
24 43 45 27 48 67 88 109 129 147 149 155 152 163 140 113 76 47 76 55 43 34 40 17 3 37 24 40 65 60 76 75 60 39 37 76 90 69 76 140 39 26 8 1 10 36 10 30 33 38 9 36 42 48 33 44 33 20 21 46 68 61 85 79 98 83 122 121 125 108 140 120 150 140 145 137 98 107 59 50 26 7 23 24 48 38 24 44 57 44 67 38 67 62 104 129 117 143 137 128 149 147 140 130 137 118 131 121 135 135 122 134 112 153 221 246 239 239 238 217 241 236 223 228 227 213 224 221
35 44 21 43 62 91 84 106 124 142 165 142 160 144 143 122 87 60 71 50 37 38 28 26 1 39 12 42 68 51 24 47 83 69 74 100 91 51 51 66 26 22 16 12 12 18 6 40 23 7 26 35 35 35 37 26 21 36 34 24 25 53 67 79 75 84 102 104 99 125 128 140 140 146 146 134 108 83 41 27 6 5 32 34 31 31 26 35 56 71 37 51 47 66 86 118 114 116 141 141 132 128 137 131 122 133 136 140 138 139 109 137 134 155 238 233 231 214 232 248 228 236 205 204 203 212 202 162
31 21 38 32 43 71 100 99 120 138 158 151 157 158 128 110 75 58 75 45 41 52 55 14 16 43 21 3 59 46 44 36 73 69 94 85 80 96 68 52 30 5 4 6 21 41 27 26 23 20 29 20 22 40 40 44 34 17 35 34 7 33 36 71 74 70 82 103 108 100 121 131 149 145 140 111 115 95 43 34 25 29 38 43 16 20 29 40 61 41 45 47 54 53 91 121 129 101 122 110 141 135 142 117 130 126 134 126 136 122 120 131 130 197 249 248 227 231 241 240 220 204 194 196 189 169 111 74
25 20 22 41 32 77 87 117 117 162 145 141 145 154 148 93 64 111 97 73 15 49 28 40 35 23 25 26 84 97 60 40 56 85 52 50 110 78 107 103 24 26 17 4 37 42 33 37 13 25 7 32 34 13 19 19 29 49 26 56 50 29 46 77 68 91 68 75 113 97 118 133 138 144 117 118 103 92 37 17 20 19 33 28 39 19 37 38 61 56 45 73 57 64 100 129 111 79 109 102 106 116 101 132 112 117 138 123 119 129 135 122 130 205 240 219 240 218 217 223 195 199 160 143 100 81 56 54
49 47 20 48 51 59 86 113 134 155 147 162 158 157 144 98 172 139 45 87 6 45 26 49 45 37 17 29 69 72 86 30 27 52 78 81 72 83 56 67 118 41 17 11 43 40 32 35 13 31 19 25 14 17 20 39 33 48 22 58 52 80 78 91 87 93 103 79 116 122 125 109 131 110 129 122 147 156 159 125 33 7 16 34 46 42 40 41 59 41 71 53 44 67 100 129 92 105 82 95 98 79 78 110 107 94 118 106 105 123 119 111 138 229 221 227 208 217 200 206 203 163 141 96 64 54 40 65
57 42 54 21 54 62 76 107 113 135 157 162 158 162 121 153 91 54 59 40 7 15 27 44 34 48 30 15 37 89 72 67 58 90 102 38 50 64 71 61 95 107 36 14 33 39 26 28 11 16 5 6 12 10 17 27 37 45 21 49 53 87 78 84 74 87 81 87 109 100 105 100 116 123 119 134 153 187 171 182 167 155 85 38 36 24 42 44 60 43 46 44 62 68 99 102 101 99 93 103 78 75 72 83 97 74 90 96 105 92 92 120 145 219 229 210 208 212 217 200 181 133 114 52 47 44 51 70
72 67 39 51 62 62 50 74 108 133 166 165 165 172 141 112 73 66 105 15 26 31 28 46 24 46 61 31 40 29 57 46 50 92 30 59 44 51 78 66 115 48 101 26 48 31 6 53 33 30 21 34 15 34 23 21 20 40 32 51 61 58 78 74 70 73 97 85 116 108 98 104 112 117 121 142 159 178 172 164 176 170 199 153 78 23 36 71 79 50 52 59 47 49 104 111 119 131 108 120 111 85 94 77 77 83 74 91 82 79 93 92 138 208 219 210 211 200 189 189 131 88 59 46 71 62 56 52
111 94 76 47 62 62 43 60 122 130 137 151 149 154 132 117 99 113 56 19 1 16 50 40 19 19 67 37 21 28 37 72 74 49 33 79 62 70 80 93 91 69 69 62 48 41 23 33 30 21 8 24 21 31 18 25 49 35 36 40 70 60 86 74 74 95 85 113 98 102 109 119 123 129 131 157 176 182 162 171 169 171 166 170 203 130 27 47 70 69 69 66 61 56 129 107 135 137 110 123 115 112 115 113 110 97 100 87 72 107 119 83 120 207 208 215 200 206 179 129 96 61 74 65 60 61 72 67
93 114 122 77 71 56 38 87 106 148 149 164 158 162 126 123 148 94 32 12 8 16 47 73 53 77 46 20 40 49 31 48 60 38 53 49 54 94 75 95 49 83 40 89 37 31 25 46 41 20 7 15 39 34 17 21 33 42 50 50 43 80 93 97 95 87 101 93 96 96 119 102 113 119 134 137 169 178 154 168 166 166 187 193 200 193 170 55 68 61 42 66 64 40 119 117 137 133 128 111 128 115 98 96 99 109 100 82 105 112 119 102 174 217 221 217 207 181 146 98 52 67 65 59 68 65 77 70
99 104 120 104 91 57 59 75 124 129 158 169 157 145 151 150 135 99 29 16 39 30 54 27 42 37 32 18 27 16 9 81 20 23 24 62 50 79 80 79 88 36 120 67 92 25 11 28 36 12 16 15 36 9 21 51 42 51 50 41 46 81 73 77 99 110 100 105 113 109 116 120 124 135 148 141 156 151 168 152 179 184 168 194 180 209 189 163 70 44 62 43 68 65 116 118 130 118 112 122 124 125 111 120 119 113 111 112 120 113 117 135 194 235 221 226 218 171 116 75 83 93 83 70 97 75 64 54
78 96 133 136 112 69 52 89 106 148 169 144 173 144 144 138 81 61 16 31 27 16 21 22 29 27 55 22 20 36 20 30 36 19 25 22 56 50 106 86 77 83 81 89 134 22 35 42 19 31 7 25 26 25 25 44 47 73 64 47 53 68 74 83 83 110 96 92 114 102 103 128 130 144 142 149 156 146 165 160 172 180 188 178 204 205 211 217 128 61 46 44 54 56 123 137 113 118 110 121 129 114 131 125 125 122 108 99 116 131 125 124 198 241 226 224 190 153 105 80 81 62 70 69 88 83 72 65
35 95 139 132 137 87 46 64 118 141 159 165 148 149 142 141 110 66 8 23 14 18 23 26 16 23 34 21 29 19 40 30 52 31 53 33 50 59 64 66 85 87 11 103 118 14 34 42 25 40 13 16 19 25 32 28 32 64 72 40 52 70 88 102 81 103 103 116 107 108 109 125 137 139 143 131 134 137 146 150 168 162 172 184 177 180 193 202 202 72 45 48 54 85 105 128 139 138 125 112 131 134 128 133 119 122 118 108 101 128 153 166 225 221 219 223 174 123 89 74 85 79 89 96 82 78 67 69
34 57 111 139 121 91 51 89 113 152 155 161 165 159 141 107 108 39 32 31 25 38 12 3 18 17 44 19 36 8 22 46 47 41 53 48 54 37 68 107 81 85 32 72 140 41 29 49 34 17 21 20 24 24 31 42 43 59 50 36 74 62 90 93 90 102 105 116 102 118 125 132 118 132 139 147 146 159 152 166 156 178 175 173 205 213 195 207 211 187 62 64 30 100 114 131 138 136 112 111 114 112 114 128 107 101 129 125 135 160 199 203 232 212 206 185 176 107 85 75 87 87 94 73 79 64 65 72
20 52 123 132 152 97 36 64 126 145 161 150 149 165 126 128 107 51 17 3 34 8 5 17 22 49 62 18 28 9 23 14 22 38 31 37 36 36 34 93 87 92 46 72 140 21 3 51 47 13 36 23 24 12 35 40 66 59 62 44 51 77 90 97 92 102 94 98 95 102 110 107 105 120 115 126 146 140 151 160 177 167 187 197 204 197 193 211 212 215 83 44 58 112 135 138 125 144 115 113 134 131 131 107 122 121 128 121 153 203 196 214 228 219 222 192 135 81 86 75 69 75 79 75 67 74 80 61
38 42 119 142 123 113 58 87 104 156 159 148 144 157 157 103 92 19 25 41 17 14 21 20 22 51 34 4 37 27 30 24 21 10 47 41 48 45 60 109 89 89 60 73 85 55 9 37 33 25 18 26 45 21 38 46 58 59 71 27 51 95 76 105 89 95 107 111 93 104 98 119 118 116 122 131 136 132 165 160 147 152 187 166 197 202 188 206 201 223 148 57 59 105 141 121 126 130 138 120 111 116 107 106 109 131 121 121 198 240 214 224 244 220 217 163 112 97 85 79 79 92 73 86 62 85 85 78
39 39 89 129 145 111 69 66 123 147 154 166 161 144 142 118 70 33 26 16 16 9 32 14 46 64 27 12 11 37 33 24 28 19 23 27 62 37 41 87 95 98 84 133 68 62 17 27 49 45 38 31 30 23 43 45 92 78 83 46 74 76 90 90 94 107 89 88 104 114 96 101 116 136 115 122 152 129 131 141 169 179 186 186 186 193 208 193 202 216 189 60 46 117 125 144 138 111 140 134 128 137 104 130 125 105 113 124 224 240 210 238 226 217 207 153 90 78 97 68 75 90 78 79 76 68 82 73
35 31 111 134 137 113 50 69 106 134 156 156 144 149 135 130 69 40 11 16 13 25 20 17 19 31 37 28 22 16 33 1 32 26 39 20 30 57 91 104 76 89 106 118 68 44 40 35 33 34 38 28 24 31 48 61 70 71 58 54 84 92 83 82 102 103 108 89 94 105 99 113 117 109 113 125 119 134 141 163 162 173 170 184 188 197 200 197 202 199 213 89 69 134 115 148 139 124 124 138 123 130 138 107 113 128 110 139 230 212 198 232 243 222 164 110 117 84 94 86 79 67 74 77 65 78 51 70
45 49 81 149 147 122 55 80 102 150 142 165 148 157 154 116 91 30 10 6 10 6 30 28 28 43 40 28 28 16 22 10 34 14 57 14 32 39 80 69 82 39 35 55 48 42 81 54 96 52 24 32 34 37 42 68 86 76 56 35 74 85 107 86 107 94 116 100 110 115 120 112 112 132 123 133 122 126 137 147 138 155 184 188 196 203 202 186 189 219 203 142 79 113 126 136 125 126 139 116 109 137 137 111 129 107 108 169 199 209 189 239 215 192 140 101 93 94 82 86 98 71 69 61 61 61 56 52
26 34 100 140 157 130 61 86 125 136 154 171 153 149 141 104 67 26 46 28 24 5 17 23 13 11 25 24 13 23 33 20 34 34 58 36 28 58 68 79 64 69 17 48 38 32 31 23 26 55 49 45 48 44 68 72 65 66 57 47 83 89 83 110 111 94 118 92 113 89 110 100 102 113 112 135 134 143 131 151 151 171 174 186 192 174 200 188 195 215 197 190 87 124 137 130 144 137 124 129 115 117 118 108 108 106 111 143 175 214 200 234 214 183 117 96 91 83 70 78 89 80 57 82 70 50 68 69
15 48 66 131 126 111 70 88 102 154 162 153 152 151 149 109 80 47 29 30 17 24 25 22 6 7 9 18 28 1 18 14 31 26 34 49 42 80 56 71 34 53 85 36 36 22 44 25 22 27 18 39 52 57 69 66 88 83 49 75 90 91 108 91 98 117 115 101 113 90 94 104 104 117 134 120 133 120 147 154 145 154 167 179 177 184 189 201 192 195 187 209 104 133 104 106 129 116 113 142 120 124 118 130 122 112 119 144 147 164 177 222 200 162 102 99 87 73 61 84 59 50 80 71 52 75 47 48
29 26 67 118 153 140 75 59 120 145 150 168 141 152 138 126 105 53 18 30 37 21 26 16 27 20 23 16 17 25 19 29 34 32 11 31 30 18 38 62 48 24 66 112 62 33 30 26 41 31 24 26 31 59 64 69 66 56 44 80 102 91 107 112 94 98 112 93 121 102 110 120 114 110 130 107 135 133 125 135 138 156 147 171 180 178 200 201 188 202 203 192 165 115 94 83 106 88 118 133 120 111 132 108 124 121 121 132 137 131 190 242 212 163 113 86 81 73 68 68 77 59 82 58 48 76 57 59
20 35 67 113 135 120 67 62 106 125 162 155 147 144 148 118 79 46 37 2 32 12 22 10 37 25 13 25 24 34 14 26 20 24 15 45 47 27 12 12 47 43 60 75 38 36 26 30 28 11 20 24 55 78 70 82 69 53 38 71 99 106 109 98 106 114 116 95 119 110 119 107 115 111 132 124 119 116 144 141 132 163 146 164 169 180 175 207 211 215 199 215 175 94 77 69 68 93 84 79 100 89 94 131 120 129 145 133 118 162 197 230 170 142 91 86 81 73 61 69 82 64 80 65 54 64 60 58
17 27 46 122 163 134 82 82 118 153 149 147 162 162 138 117 94 50 16 26 29 0 22 20 31 25 31 18 26 5 29 9 29 35 42 39 73 48 29 29 27 77 42 44 23 39 17 26 8 25 48 40 50 81 65 62 50 41 65 77 84 87 92 113 114 108 100 103 120 119 96 111 106 106 119 133 110 119 143 141 142 135 151 173 156 172 187 204 207 208 210 203 186 79 83 58 49 74 54 62 59 77 88 83 106 130 121 153 144 160 222 206 149 116 75 78 81 82 53 78 90 67 71 48 60 56 48 58
19 39 64 142 156 150 101 68 103 135 144 141 165 153 159 108 86 52 19 38 7 16 12 24 25 13 34 34 34 9 22 27 35 31 35 30 59 90 61 51 66 24 29 8 35 20 22 33 7 35 25 48 70 76 62 74 48 46 78 77 109 94 116 98 93 98 96 95 100 121 98 111 108 119 129 121 114 129 123 140 122 134 154 162 179 162 199 187 180 184 209 211 205 133 102 76 86 72 71 50 47 31 56 38 73 112 176 164 146 196 200 196 120 74 54 50 53 46 74 67 85 75 73 67 57 46 56 35
40 49 68 115 141 166 110 78 116 130 147 145 154 163 132 92 75 40 30 26 24 21 24 11 5 12 14 26 27 18 17 7 4 12 10 13 31 87 65 54 62 81 14 40 19 8 3 18 31 49 51 48 56 71 71 53 40 83 82 80 88 96 109 114 121 123 108 112 104 119 99 116 123 99 112 119 133 138 140 122 140 135 158 141 148 174 187 188 190 208 208 200 185 149 83 91 91 68 59 61 58 49 35 29 29 116 188 170 151 203 207 142 84 68 46 65 61 62 61 58 46 65 74 82 55 65 53 44
67 60 88 109 166 141 129 88 91 150 159 159 160 155 160 90 76 51 22 11 18 7 20 28 9 4 17 6 24 37 11 2 28 16 36 38 37 53 92 110 42 64 34 15 8 25 17 5 17 51 41 56 71 58 37 34 64 73 98 89 113 116 107 98 111 104 106 125 115 100 111 96 122 121 105 105 118 134 122 129 147 133 156 156 165 152 189 176 188 193 212 211 203 189 89 86 92 71 87 58 60 61 64 52 41 119 183 163 167 194 161 112 57 69 58 66 53 67 76 60 57 68 57 68 65 61 44 28
84 73 95 138 156 143 119 80 96 135 153 152 169 160 137 90 87 50 33 26 6 4 16 36 3 27 21 35 25 28 19 12 18 40 41 34 32 35 55 58 85 24 27 31 7 22 23 29 41 60 66 62 51 27 39 59 66 91 96 86 89 113 105 104 104 93 122 103 128 116 120 125 115 126 96 116 109 125 125 137 141 133 146 153 140 170 167 187 194 202 201 185 211 195 104 76 89 69 90 76 72 59 58 59 59 97 183 180 172 128 79 69 67 66 43 60 64 56 64 56 48 72 57 62 67 41 35 31
76 76 104 138 146 154 144 95 89 122 147 155 152 149 152 97 98 48 28 28 25 28 12 32 28 22 11 43 31 34 50 24 12 25 18 45 41 25 44 67 18 51 21 33 34 11 12 43 45 70 52 54 25 36 76 79 84 102 92 103 105 89 109 95 108 108 115 125 102 103 120 113 118 121 120 124 116 116 114 123 141 124 147 144 139 147 162 183 184 190 201 195 192 209 149 71 92 96 82 84 58 75 76 75 85 111 162 169 129 83 76 47 43 53 69 60 69 56 47 44 59 50 69 68 70 67 48 39
67 83 93 100 148 158 117 104 111 124 146 148 169 170 151 103 81 25 32 30 23 40 34 34 23 14 38 31 38 44 60 44 30 33 15 44 58 45 54 83 55 32 5 4 14 13 29 14 32 28 44 60 70 57 69 99 79 77 98 110 100 111 89 105 109 95 98 120 111 125 123 115 126 128 107 122 119 115 109 128 142 139 154 149 137 169 169 171 166 203 201 195 199 200 186 83 87 89 95 82 65 70 69 94 79 94 126 105 68 64 49 70 61 72 76 84 56 56 43 56 77 81 86 64 73 48 43 37
40 73 80 96 148 160 146 108 102 123 145 166 171 152 144 94 51 20 23 21 31 31 15 10 28 33 34 42 22 42 57 53 31 36 29 18 54 58 44 65 44 49 9 23 3 25 29 23 61 58 48 78 77 85 92 73 85 97 105 88 96 96 90 111 116 98 94 105 120 121 104 102 115 125 125 123 103 133 116 137 123 134 149 147 144 153 150 173 175 183 200 183 189 183 188 89 76 85 81 95 77 75 96 86 103 81 93 69 66 69 87 70 62 73 64 55 68 38 51 49 78 70 87 79 61 39 47 45
48 45 51 103 156 188 156 119 102 138 155 161 163 163 150 72 39 43 26 30 11 28 26 39 24 4 12 52 26 40 58 82 21 30 48 34 38 58 16 42 40 36 26 4 35 43 50 49 60 65 70 75 75 70 86 94 89 83 80 103 113 94 98 114 93 112 104 98 129 107 105 126 101 121 110 106 113 121 137 134 138 129 128 149 151 162 152 173 175 180 192 188 181 196 201 117 72 76 66 76 76 75 98 83 104 96 77 68 96 100 83 77 60 68 70 48 54 64 72 55 76 83 77 58 32 52 41 30
35 58 48 87 188 207 184 122 114 141 149 151 161 155 139 103 53 48 10 8 10 20 29 25 36 33 17 57 38 33 42 56 60 33 61 21 26 62 55 41 44 38 14 20 25 42 41 72 51 66 90 75 72 101 78 94 91 80 90 107 85 112 116 116 91 101 103 99 116 104 105 125 118 123 123 131 110 124 124 116 146 131 134 126 140 144 169 147 157 192 173 178 202 204 206 163 83 86 86 93 83 99 99 90 109 100 96 99 91 104 66 71 76 74 49 42 54 51 68 97 73 81 67 36 32 26 55 50
51 61 60 93 187 197 172 143 112 121 149 143 167 151 141 69 54 48 37 31 29 28 44 51 41 34 40 51 50 57 51 38 68 19 36 30 38 42 37 23 54 52 55 31 42 60 40 73 62 72 67 74 78 77 95 85 93 97 88 108 94 100 104 105 96 100 93 115 120 113 121 117 119 102 107 119 137 133 126 119 139 139 145 135 139 160 140 150 173 187 187 186 187 187 195 186 89 82 87 74 97 102 97 102 92 91 87 105 91 86 77 76 71 47 49 70 53 82 82 92 94 62 42 53 38 28 40 53
50 45 41 89 164 187 168 118 111 140 150 154 169 164 151 74 54 42 50 9 30 46 27 27 38 49 65 41 43 51 49 43 33 65 45 25 34 37 35 45 48 30 36 46 53 39 60 76 82 74 85 74 75 92 89 91 96 85 83 90 94 105 97 91 96 91 102 99 112 108 119 102 99 107 118 131 116 122 126 137 141 147 152 138 131 147 140 153 168 184 187 185 196 200 192 194 102 81 90 95 77 85 112 105 122 94 128 105 99 66 70 65 41 72 58 64 54 78 87 78 66 42 35 34 30 44 77 65
27 55 65 91 142 156 125 84 121 137 142 165 144 142 130 69 52 25 32 55 36 57 27 49 56 53 40 12 21 30 47 24 60 41 41 60 32 36 53 25 43 22 21 56 40 68 62 66 71 75 88 99 91 76 94 81 96 107 91 90 111 88 92 94 102 100 115 117 117 108 109 106 121 112 129 115 119 130 125 139 123 126 132 135 150 163 164 155 153 160 172 175 181 204 207 184 143 93 95 103 84 111 131 118 124 130 111 98 100 60 64 68 44 58 79 66 86 96 72 82 40 55 24 39 60 73 96 102
61 42 67 88 125 133 115 96 118 133 141 164 142 163 139 61 77 27 32 48 39 26 60 50 40 70 59 32 35 42 52 20 68 22 40 73 25 22 36 33 26 32 36 65 55 53 79 83 95 72 95 103 84 80 101 80 80 96 110 106 95 106 102 90 114 97 112 119 95 120 93 101 122 105 123 116 129 116 136 120 129 149 128 129 146 162 147 175 169 159 180 190 200 181 200 206 170 70 74 99 96 120 123 100 130 129 101 77 77 70 44 71 66 57 68 81 80 88 79 38 39 23 28 41 58 102 105 106
