114 120 143 143 140 142 126 130 133 136 114 130 126 148 117 116 71 71 62 77 71 79 67 51 79 81 64 72 92 85 101 87 100 105 108 98 91 86 77 94 108 94 96 89 79 94 106 82 81 106 96 106 92 86 91 79 108 106 103 87 106 101 107 99 90 88 91 83 97 95 86 95 92 98 100 85 77 83 96 105 120 132 121 145 111 131 118 108 114 108 122 129 126 118 137 114 146 126 141 166 186 215 210 174 87 80 91 85 71 94 83 91 82 89 86 94 102 100 82 86 78 89 75 83 85 129 192 177
118 125 121 138 134 118 142 138 140 123 138 133 150 145 108 79 65 57 64 71 64 58 65 61 63 88 76 82 92 73 97 101 98 99 109 89 97 100 92 81 104 96 82 98 99 97 102 85 98 81 85 98 87 104 109 109 87 81 95 105 79 89 80 80 83 81 90 101 104 79 99 102 100 76 97 85 86 72 85 95 112 103 125 131 137 133 125 108 126 135 126 135 110 108 111 128 116 148 149 131 166 203 202 213 159 104 79 99 85 91 76 94 98 71 93 77 99 91 98 92 89 71 87 74 94 102 164 178
138 126 119 132 112 141 142 133 132 116 139 133 143 125 95 66 60 44 50 79 51 66 52 66 70 66 74 91 78 72 87 87 99 100 109 103 110 81 93 104 99 86 103 97 92 97 110 106 111 90 104 85 93 90 106 104 89 108 90 82 103 103 90 91 101 86 106 88 100 99 101 81 99 88 78 90 93 78 83 88 107 91 122 133 130 115 122 133 119 128 139 121 117 136 129 113 115 116 128 146 136 205 193 210 187 105 91 90 94 99 85 94 83 69 100 76 91 72 91 93 82 94 79 79 92 77 111 183
115 121 136 117 140 141 129 141 135 121 138 145 153 128 119 93 74 53 54 51 60 69 67 58 70 66 86 82 89 93 95 87 101 97 92 107 105 93 83 88 101 112 112 94 92 102 98 109 91 97 86 86 100 96 97 93 97 83 105 101 107 104 87 81 92 104 91 108 104 83 90 104 96 79 96 101 89 96 71 70 89 90 116 123 131 116 114 125 118 113 120 120 118 121 117 143 138 118 139 125 128 159 200 213 201 167 102 73 94 96 74 92 89 96 96 75 81 95 85 101 74 90 73 98 93 83 95 137
131 122 143 116 125 136 122 141 114 141 153 133 146 121 116 80 60 52 73 56 76 63 63 67 67 81 77 75 98 81 91 91 93 94 99 94 89 104 88 111 90 103 99 105 98 96 112 112 111 91 107 86 100 91 89 98 80 87 91 102 90 98 106 82 91 101 88 104 106 79 105 95 83 81 77 98 75 81 83 90 78 98 110 123 134 124 128 135 122 117 123 135 131 144 139 141 121 118 143 134 120 148 198 209 198 203 130 87 100 95 88 79 72 86 77 90 91 89 75 86 81 85 74 78 70 85 87 53
140 144 132 133 140 135 120 129 121 153 136 155 151 137 115 75 53 70 49 72 79 68 73 69 66 75 80 86 78 96 79 102 96 102 93 107 91 106 111 103 81 95 98 100 108 101 100 82 85 86 106 103 102 109 97 99 87 105 109 89 91 88 83 101 85 90 106 101 108 98 94 78 89 81 98 78 105 101 83 76 71 92 87 119 105 114 113 124 138 135 120 136 145 145 136 115 142 140 114 124 116 128 172 204 225 218 173 102 83 97 75 101 91 86 81 92 75 99 72 82 87 93 88 87 98 68 31 18
117 136 143 125 126 126 114 129 129 130 138 131 136 113 110 67 50 67 60 81 59 60 85 63 65 73 64 80 82 90 95 89 97 91 105 87 87 109 109 81 83 95 85 97 99 90 90 85 98 83 102 108 108 105 82 99 98 106 83 81 90 109 95 86 104 91 97 98 86 79 98 104 105 87 101 106 87 97 69 83 91 72 100 98 111 131 142 125 118 123 149 118 129 147 140 117 115 144 135 119 113 123 125 194 208 208 204 152 100 95 97 76 93 88 93 82 80 83 76 79 100 83 78 94 66 25 11 22
130 129 128 134 145 125 135 142 126 144 124 143 130 119 116 71 78 74 58 71 70 65 86 78 60 68 94 96 79 73 86 89 106 105 87 93 95 92 109 103 93 89 103 85 96 112 102 93 89 105 102 93 86 105 101 96 80 82 79 92 111 95 104 86 89 108 87 98 99 94 106 98 80 109 79 89 88 77 91 92 75 68 95 99 125 112 121 135 121 139 123 137 122 122 128 119 135 139 126 138 134 143 125 163 190 226 204 200 120 94 79 90 95 74 91 77 98 78 101 83 87 97 89 60 35 18 12 1
131 129 115 147 141 124 125 131 139 145 150 121 134 114 96 66 62 60 70 64 67 72 85 77 56 88 82 80 73 103 78 85 94 100 101 91 97 98 81 100 110 93 105 110 82 93 81 108 104 106 89 95 90 85 105 104 89 82 93 88 99 80 93 106 94 93 102 81 109 95 104 90 106 79 101 85 96 78 79 81 68 83 72 87 93 137 145 128 147 118 136 140 119 144 120 141 120 115 117 125 112 114 131 126 167 205 211 234 190 119 103 104 99 103 89 90 99 72 98 87 79 86 68 12 7 26 3 11
131 141 120 146 133 131 143 138 146 123 143 136 129 110 106 75 72 59 59 66 70 64 71 61 60 82 86 85 80 83 79 82 94 108 80 105 88 109 106 107 110 100 97 106 86 96 100 80 102 86 85 82 88 100 82 103 89 90 94 88 89 95 100 88 91 86 92 86 83 89 90 105 107 97 92 80 79 75 75 94 87 88 81 97 97 118 129 124 126 118 139 130 126 131 124 135 146 118 144 136 115 132 122 143 138 185 224 222 222 151 97 88 96 103 82 103 100 82 76 82 85 64 19 12 21 23 7 26
142 122 137 142 145 144 155 137 153 130 118 116 133 125 97 91 70 65 59 73 57 80 85 60 71 67 88 95 78 74 96 91 82 100 79 108 107 99 96 86 88 100 108 110 103 110 102 86 99 85 90 91 88 94 76 92 89 100 90 89 99 97 103 93 105 90 91 97 109 108 98 106 90 104 96 101 83 100 73 72 80 91 95 93 111 118 128 134 125 123 139 135 123 130 122 121 144 146 116 130 145 132 116 118 132 157 197 224 231 201 117 91 100 101 77 76 86 91 72 77 72 16 13 20 27 31 6 15
145 134 124 141 135 139 136 141 138 149 122 145 134 113 96 75 76 54 70 77 80 56 56 73 67 86 71 81 79 89 96 82 93 82 93 96 101 87 105 88 81 80 96 109 106 89 110 82 101 101 90 75 79 73 102 94 82 101 78 75 92 106 89 85 80 80 94 98 99 89 94 80 96 91 86 105 89 97 80 75 75 81 92 79 99 102 120 118 124 124 139 134 121 120 135 131 138 146 123 126 120 121 123 124 131 139 181 208 234 213 193 108 106 80 73 73 80 83 96 53 31 13 31 17 19 23 8 25
130 148 151 143 126 148 129 152 132 134 135 131 146 120 105 87 63 53 59 59 69 60 70 56 54 69 72 80 79 79 77 89 89 93 103 105 103 95 104 81 88 89 97 101 111 83 107 89 93 107 79 104 96 79 95 102 97 83 96 102 107 81 88 79 80 101 109 92 97 98 107 79 97 92 82 102 78 94 100 74 75 91 85 82 86 121 120 126 134 138 116 137 146 131 129 137 137 145 118 146 125 110 114 111 121 134 163 211 238 228 211 144 85 93 76 74 86 81 59 25 13 18 23 27 5 14 21 2
136 142 124 147 146 125 122 132 142 136 134 118 117 119 104 95 54 47 67 70 87 60 64 78 66 70 72 97 72 89 71 98 96 85 86 86 88 102 98 106 80 109 105 91 86 101 94 96 109 94 80 100 107 103 95 94 119 98 120 101 78 79 99 82 86 85 109 90 107 81 93 98 94 93 95 87 105 97 81 93 74 66 82 73 113 118 106 108 128 129 115 135 135 142 131 144 135 125 134 121 130 106 106 125 116 129 115 180 207 220 229 204 97 93 71 75 96 52 25 28 24 5 5 10 17 9 23 23
136 142 149 136 129 131 132 130 131 145 124 135 140 111 103 68 53 60 68 55 61 86 71 82 69 74 93 69 98 78 76 76 87 82 106 82 87 93 103 88 102 101 98 91 91 102 86 89 105 110 108 119 121 111 134 156 147 155 166 171 147 126 125 91 86 86 79 104 101 82 94 99 102 101 80 87 97 89 78 74 96 75 74 85 110 105 118 101 129 110 110 137 125 133 133 135 143 124 115 114 129 122 119 108 123 111 107 130 202 223 221 222 159 82 103 80 47 28 5 7 29 15 14 24 21 28 14 2
135 124 138 148 131 118 118 107 136 142 122 131 134 132 92 74 63 71 58 61 78 60 82 62 64 68 66 72 78 76 72 102 89 99 95 86 80 108 106 87 90 96 86 88 99 111 89 98 111 135 113 117 135 133 155 142 144 161 152 142 163 148 176 157 133 98 104 109 103 90 79 80 92 98 100 80 91 97 96 79 79 71 76 94 87 112 104 115 129 123 113 131 121 116 141 129 131 122 133 125 111 130 112 105 124 120 123 125 150 200 221 225 205 140 96 66 11 17 9 17 7 7 15 7 12 29 20 28
152 149 156 130 134 120 95 117 122 139 123 147 129 137 103 67 46 44 73 74 54 57 59 63 79 60 90 88 70 72 103 86 100 96 82 89 79 103 90 86 106 85 108 113 121 114 111 114 102 104 122 133 134 120 131 135 136 155 154 145 166 165 173 182 165 194 151 111 83 92 83 92 81 88 96 92 87 93 76 83 75 68 89 86 109 118 108 115 112 105 117 131 128 116 123 129 125 108 118 118 125 122 98 122 121 125 123 103 121 197 228 221 222 180 71 10 30 32 23 3 9 20 14 22 3 9 24 24
143 138 155 139 118 98 98 98 115 137 128 137 134 109 109 81 46 40 68 52 78 61 72 74 82 75 85 82 72 93 87 92 93 108 90 95 109 83 80 90 99 109 105 101 103 93 87 114 108 102 110 133 120 141 138 150 136 147 148 147 180 164 164 173 189 182 178 189 125 94 100 78 78 103 82 106 80 73 92 88 71 85 65 101 86 116 101 111 102 110 118 113 121 135 114 114 125 110 118 129 103 125 119 114 126 104 103 113 121 153 202 224 232 181 37 12 10 4 7 13 4 12 26 14 2 11 24 19
131 147 130 107 103 67 87 120 131 135 148 133 142 128 113 66 51 70 69 52 69 56 79 73 62 76 85 68 75 98 72 104 83 77 105 78 79 107 93 126 96 96 79 96 76 90 110 95 91 116 122 115 114 108 143 122 137 145 152 172 181 170 185 170 185 173 176 196 170 158 89 94 81 104 90 102 83 81 78 86 80 64 86 101 99 122 109 128 119 117 118 119 125 118 108 124 99 126 114 130 101 119 112 120 104 107 111 113 130 132 139 216 199 70 16 21 3 14 22 29 3 6 13 14 6 14 31 17
148 123 128 108 79 75 76 107 136 154 144 122 137 110 117 75 47 59 52 52 68 65 71 70 65 76 74 93 79 77 79 100 87 98 92 80 91 78 105 90 99 100 97 94 99 75 94 103 102 103 95 105 126 128 132 137 139 152 155 151 158 163 176 171 174 200 178 197 196 197 185 136 102 104 91 103 100 73 99 95 80 65 74 74 97 121 129 137 118 122 102 106 111 95 132 116 126 119 113 128 121 108 116 106 113 104 108 101 129 128 130 160 59 10 31 3 10 24 30 6 22 8 28 25 13 30 27 14
126 145 105 86 64 71 95 96 126 138 145 148 119 134 115 93 43 48 73 75 51 67 66 58 56 68 89 86 80 86 95 72 91 93 92 105 80 104 132 90 86 99 92 96 102 87 90 103 98 102 105 100 119 107 123 133 156 138 155 161 157 176 186 180 178 187 197 186 183 202 184 184 138 98 79 79 88 85 74 66 88 87 93 82 96 120 143 145 120 103 102 111 108 93 97 116 125 106 110 129 105 111 125 107 108 111 110 100 101 116 104 47 9 6 3 25 22 33 20 8 21 22 5 13 12 19 13 26
124 119 94 58 64 74 75 121 144 132 138 137 143 132 117 86 68 67 62 51 54 53 62 64 73 65 80 65 90 70 82 86 82 77 106 97 85 94 86 91 97 76 96 92 99 95 98 117 88 94 94 102 98 114 112 132 150 144 164 189 181 185 181 168 183 189 180 179 195 185 205 236 228 245 143 96 99 75 98 69 66 77 63 81 119 106 141 122 111 122 98 75 97 89 87 118 103 122 130 135 112 123 120 130 120 112 99 101 128 118 74 19 7 28 5 6 4 22 6 17 35 27 16 32 16 26 17 74
116 104 89 73 76 66 76 107 124 148 146 150 122 121 104 72 63 43 64 66 61 68 70 70 80 76 63 89 90 72 74 97 94 81 93 78 88 82 86 68 85 92 103 88 86 81 85 102 90 98 114 115 93 129 99 136 135 147 150 188 191 182 173 194 187 179 201 228 222 217 239 231 231 230 237 109 103 78 96 71 80 94 93 81 102 128 115 139 132 119 105 95 81 70 81 113 120 123 130 104 110 122 105 108 117 126 120 113 111 80 28 28 32 14 29 7 5 21 15 10 33 15 23 40 37 40 76 129
121 83 67 71 61 71 96 112 122 137 143 134 125 135 111 90 63 49 49 73 78 66 55 67 60 83 72 88 92 70 80 97 78 104 81 83 83 68 82 91 77 80 86 97 103 96 77 99 112 103 102 115 124 130 124 141 125 154 165 180 178 186 179 167 200 214 209 215 225 214 222 228 208 226 218 211 86 72 78 79 65 82 67 103 107 134 144 130 134 110 106 81 59 40 59 90 106 109 106 118 126 100 110 106 115 99 106 98 94 49 17 15 20 14 29 32 25 31 7 7 27 35 35 41 49 70 110 108
111 82 51 67 48 56 77 98 130 150 128 154 148 110 114 92 67 64 62 50 77 81 54 65 63 59 85 86 92 101 78 73 102 107 101 97 98 80 69 98 79 94 76 80 71 94 89 107 114 115 109 112 114 108 118 118 138 138 168 166 158 135 175 214 227 215 206 221 228 206 228 213 228 237 211 251 188 85 73 72 81 68 64 77 103 114 116 140 112 124 110 92 46 35 43 69 85 118 130 106 112 111 120 114 110 102 126 104 45 18 31 17 17 29 24 11 21 20 20 12 12 28 39 56 71 111 106 109
78 49 66 71 64 53 74 121 145 126 146 142 135 109 95 85 69 62 72 53 73 77 76 73 81 62 70 69 90 81 88 85 92 79 105 81 68 92 87 76 98 90 98 80 103 92 97 108 95 117 106 109 125 108 108 118 121 131 147 140 161 211 219 216 204 213 218 200 210 202 207 241 220 207 213 211 218 157 78 66 95 85 90 77 121 120 130 141 133 118 118 92 61 46 31 57 80 107 101 106 97 117 106 128 99 128 110 68 6 7 30 21 31 22 29 6 10 34 4 24 11 28 35 72 108 116 115 128
75 59 64 70 70 58 80 109 119 131 152 132 146 122 104 66 63 64 62 57 69 56 55 56 56 64 75 82 87 101 99 82 87 94 91 98 90 87 86 97 86 99 86 87 81 92 95 112 104 116 118 104 112 111 103 117 145 164 140 185 198 219 207 232 198 193 184 187 208 190 197 220 224 233 218 215 233 248 204 98 73 83 90 101 101 115 132 129 121 118 101 93 68 47 45 52 89 102 101 123 119 125 108 109 120 109 96 47 27 18 28 20 12 5 22 31 25 15 17 27 39 46 74 103 119 111 129 142
50 54 64 60 51 69 92 106 134 138 124 136 140 135 105 85 44 47 46 72 68 75 78 81 76 79 66 68 90 90 96 85 105 97 96 65 93 72 71 73 97 80 81 77 101 112 99 130 109 113 115 120 105 100 119 129 136 142 184 203 204 210 191 199 199 188 198 189 223 217 210 220 233 205 218 230 225 201 204 224 81 95 68 77 106 109 126 123 120 128 116 96 43 18 17 52 71 71 105 105 107 118 101 102 129 96 56 17 31 28 7 27 6 24 30 24 11 21 17 19 44 59 90 100 101 105 123 131
63 55 49 59 77 78 72 109 139 121 129 121 131 138 112 91 43 50 72 62 68 79 64 76 61 71 81 82 87 71 102 85 108 108 68 68 70 95 72 72 93 79 83 88 107 112 120 129 112 105 100 102 121 95 110 126 176 180 176 188 200 198 187 190 171 207 214 197 221 207 225 203 222 207 219 229 217 230 218 234 180 70 75 87 111 120 118 129 117 120 118 92 72 22 40 45 59 61 104 112 101 109 108 120 106 75 12 26 21 21 32 22 19 31 12 28 13 36 39 12 63 88 116 102 108 121 134 126
76 67 72 65 56 55 79 93 130 145 154 150 145 107 90 77 58 44 73 68 54 56 63 67 72 77 62 72 86 87 94 90 163 83 88 77 86 67 73 78 82 103 111 88 89 116 106 115 119 102 108 100 109 98 142 154 173 179 166 174 206 182 171 189 198 205 189 217 225 210 206 200 199 210 211 217 201 224 209 239 226 138 94 94 107 116 126 116 123 129 99 91 47 35 17 40 31 61 95 135 185 163 148 137 112 33 21 32 32 24 19 31 15 32 34 4 22 40 18 33 94 115 112 117 129 140 141 142
51 57 56 59 69 64 88 98 112 149 130 147 130 137 114 91 54 65 67 73 61 79 71 72 73 76 67 75 91 91 75 106 166 98 85 96 66 86 90 100 80 80 110 116 105 114 103 103 118 101 109 113 104 130 165 193 184 173 184 178 155 197 171 190 193 201 210 209 221 191 208 218 207 203 216 206 213 214 232 218 251 239 66 89 101 130 126 122 139 109 96 97 55 53 22 39 35 89 197 198 177 197 216 200 108 9 2 23 37 23 18 34 11 15 20 37 30 14 52 74 108 118 121 126 135 132 131 139
74 48 45 58 61 69 91 110 129 137 153 143 136 132 93 68 47 58 54 53 57 74 80 59 68 66 70 72 75 86 89 152 158 91 79 98 77 89 76 79 94 100 91 115 102 93 113 116 92 97 98 100 164 173 155 177 153 182 159 177 185 196 189 192 187 179 183 203 180 184 213 197 211 200 217 227 206 216 206 202 230 247 141 95 108 135 129 146 130 114 117 99 58 28 48 49 115 238 176 208 242 238 243 225 207 3 4 22 37 12 31 15 7 26 32 39 45 31 54 109 118 113 126 134 121 131 140 143
53 63 58 56 64 77 91 121 130 138 129 134 150 124 86 87 56 38 45 51 81 66 59 63 68 69 79 67 77 93 96 173 147 87 81 74 93 103 98 97 80 106 86 103 83 103 119 96 106 98 110 142 179 159 147 148 149 151 173 165 194 185 186 173 170 197 187 177 196 205 191 196 196 196 204 202 207 199 225 228 226 218 216 104 106 114 146 122 137 122 102 88 78 47 56 166 221 161 201 214 203 206 192 211 231 39 32 18 24 21 21 18 25 22 22 38 35 46 99 124 110 128 151 140 146 148 145 124
69 54 70 67 78 68 98 109 144 146 142 155 153 124 108 83 60 70 45 60 64 62 68 60 74 79 93 85 80 78 90 196 136 83 74 97 92 83 102 90 90 98 106 78 89 97 105 115 101 131 161 162 155 152 166 163 182 168 155 186 178 171 194 172 159 183 178 206 201 209 203 192 204 197 208 197 192 204 217 199 197 198 223 195 121 119 139 150 122 141 99 93 70 87 226 187 165 237 207 227 199 191 193 199 236 49 33 11 16 27 31 10 27 19 28 36 27 93 131 103 121 150 145 123 144 150 152 143
66 77 69 78 72 89 90 114 132 123 129 128 145 118 96 71 63 56 57 50 72 59 87 69 72 64 90 98 79 78 111 196 112 96 89 70 64 102 78 105 103 86 106 85 99 87 105 77 143 135 141 129 164 149 163 158 165 166 165 186 181 164 178 150 178 186 171 199 180 200 209 214 199 208 170 178 188 201 214 193 200 191 206 232 218 139 150 136 119 131 123 112 186 227 174 207 225 218 202 201 207 215 223 200 232 54 39 37 29 20 24 24 20 45 37 38 78 106 130 114 144 148 124 134 141 144 129 144
58 54 57 63 66 64 77 115 142 147 137 154 154 131 119 67 49 46 67 65 67 74 69 85 59 62 92 79 89 103 134 163 120 76 71 66 78 70 66 82 103 88 91 93 91 88 89 123 145 136 110 145 129 144 160 177 178 158 167 160 175 162 139 191 162 162 196 185 186 175 183 210 190 146 163 175 194 207 189 210 192 185 193 216 195 186 144 147 146 134 165 206 189 183 220 208 215 192 204 195 196 198 225 225 201 17 23 23 10 32 29 22 38 48 24 52 96 134 125 138 146 133 144 122 145 143 139 131
73 74 77 61 61 69 88 96 122 124 135 159 132 145 109 68 62 44 64 77 63 71 73 73 83 88 67 94 87 91 150 145 102 93 80 67 73 77 97 93 74 81 91 95 102 102 114 136 126 136 135 126 145 151 164 165 138 137 170 162 141 150 152 160 166 182 170 187 164 199 166 183 172 200 168 176 170 180 184 189 181 196 177 183 195 207 142 122 167 192 197 164 181 232 209 194 211 196 198 194 190 193 210 200 172 29 17 37 33 34 19 15 31 49 57 86 116 137 119 121 139 138 131 134 132 128 123 149
80 69 72 79 71 77 97 120 144 130 146 151 144 130 123 88 52 51 62 63 54 65 63 68 64 75 67 94 88 90 194 166 121 104 100 76 70 75 78 99 89 89 82 109 97 118 122 115 140 118 132 154 144 158 130 166 158 172 148 157 172 158 173 173 148 176 152 176 183 180 147 179 189 154 194 188 184 193 190 171 188 183 171 160 172 186 162 192 199 188 189 205 207 204 194 208 206 205 210 187 204 201 204 221 137 43 40 28 36 6 12 20 46 46 78 115 131 114 146 133 148 139 140 131 120 120 133 124
70 67 69 68 76 79 105 109 118 147 137 154 137 135 125 72 52 59 50 76 57 65 74 64 75 59 71 91 102 80 224 157 140 109 102 90 79 94 77 92 88 85 90 107 133 114 116 119 105 119 135 128 157 139 158 164 159 150 128 171 159 178 157 162 150 156 152 162 163 185 180 162 157 192 162 180 188 155 160 176 175 161 172 161 153 194 199 177 191 198 205 190 200 196 200 197 206 200 206 163 183 214 199 218 69 40 26 26 19 10 27 30 30 50 118 126 112 139 152 139 140 133 133 140 132 128 130 141
55 56 70 75 81 62 78 118 137 147 155 163 144 139 120 97 58 45 61 78 62 85 60 57 63 64 76 80 100 97 222 175 122 134 108 105 68 92 93 76 96 83 82 115 125 100 121 103 118 136 121 128 131 137 136 158 138 162 148 163 165 152 151 164 172 160 150 160 170 149 179 178 170 185 165 173 161 160 152 151 174 143 145 179 190 187 194 198 208 225 195 185 192 206 185 194 216 215 165 140 159 170 202 182 36 41 33 13 27 15 47 26 44 68 115 124 134 139 142 151 152 150 135 128 149 136 126 149
76 59 81 74 60 75 102 116 137 159 137 149 131 124 108 92 62 55 65 80 83 62 66 61 60 65 86 96 74 102 206 176 140 142 132 99 86 74 78 93 85 86 105 111 97 128 108 125 128 114 140 143 120 121 137 143 141 144 155 141 148 156 159 137 158 155 143 148 140 151 171 152 184 161 164 176 148 159 166 164 144 175 198 190 187 187 215 187 186 195 201 192 195 208 204 213 191 189 140 137 149 141 152 130 49 23 12 32 21 23 47 44 65 99 138 124 142 150 123 123 143 143 147 131 136 129 125 149
66 80 79 71 65 78 73 109 120 136 149 157 133 123 125 95 78 57 67 62 67 60 63 81 85 69 67 91 86 105 209 163 153 144 114 122 85 79 70 87 80 125 99 99 110 111 120 132 133 134 115 139 139 131 125 140 124 152 155 146 159 160 126 149 158 133 148 147 145 149 143 155 153 161 153 158 146 142 134 163 186 170 193 202 201 184 204 170 194 204 184 204 190 217 197 193 192 146 153 154 128 155 190 38 19 23 26 29 17 28 31 52 90 117 129 130 125 153 142 151 132 147 123 132 128 132 125 131
67 50 68 62 81 89 99 101 123 155 147 157 154 147 107 94 74 49 64 57 63 83 80 76 80 83 88 77 97 143 187 181 144 141 115 104 107 102 85 88 125 128 111 122 96 124 132 112 124 120 106 142 110 120 155 131 124 132 133 132 142 143 158 131 128 131 150 143 145 143 163 145 137 153 153 153 152 152 164 164 166 181 195 207 193 171 173 203 202 193 207 219 192 211 204 211 159 128 133 119 117 130 170 35 38 31 8 20 22 31 48 66 109 137 137 121 147 149 133 129 144 122 148 124 138 137 120 133
54 55 82 76 78 65 81 124 134 151 144 144 159 139 106 90 60 75 58 80 69 64 70 77 58 70 65 78 97 142 199 164 153 137 138 117 109 82 87 118 117 114 102 97 116 117 114 124 111 120 140 124 114 124 135 132 129 118 143 115 104 110 101 146 151 123 136 131 140 128 136 128 151 146 123 125 168 181 146 200 180 210 183 166 188 176 182 197 215 200 215 199 211 220 215 216 122 122 128 110 118 190 79 37 24 16 30 14 20 22 54 98 134 115 117 136 151 138 135 137 144 137 129 140 135 123 123 136
82 69 62 74 63 80 82 128 139 135 141 151 153 133 105 87 66 46 71 55 74 85 66 61 68 80 87 69 90 159 217 183 152 138 135 122 124 83 92 115 94 113 108 98 123 110 114 105 118 124 103 124 112 112 71 87 108 86 66 87 118 141 109 103 107 133 143 135 109 135 132 107 107 123 124 155 167 155 197 193 185 195 191 194 197 190 193 211 206 205 200 213 203 196 210 140 118 83 95 98 167 182 20 31 38 22 33 14 19 33 63 119 121 141 141 128 138 142 133 137 126 129 148 136 136 146 118 143
70 63 66 71 79 75 88 117 122 143 157 153 148 140 123 93 48 64 53 69 72 83 60 79 74 66 81 72 89 129 205 204 172 163 130 137 120 91 102 108 92 91 92 114 122 93 113 95 100 112 106 119 122 108 108 80 66 64 73 61 114 134 95 79 71 36 73 75 68 65 47 64 32 119 164 154 161 190 177 200 194 182 190 179 198 181 204 190 193 221 193 201 200 190 131 95 86 93 87 147 189 93 33 36 13 26 35 49 44 34 108 135 133 134 143 133 130 149 147 139 126 151 136 122 146 141 129 145
86 86 60 68 80 78 89 126 123 139 163 141 143 133 113 76 74 65 77 74 74 72 68 86 72 87 73 92 99 122 214 209 205 160 115 107 98 105 79 102 77 110 99 101 118 85 106 118 110 93 101 102 92 95 94 74 67 65 61 51 68 73 75 27 34 37 33 50 6 21 36 38 108 140 137 189 187 177 197 196 191 197 181 204 203 182 190 191 210 192 187 168 101 72 88 74 90 86 135 159 119 31 20 40 7 15 34 30 21 56 118 107 118 128 129 150 144 141 154 128 144 133 129 144 150 123 126 132
65 59 82 77 83 70 98 119 122 146 150 156 148 132 104 92 63 48 71 82 61 79 68 68 62 76 87 97 92 73 206 207 203 166 114 115 116 112 85 97 108 108 119 103 104 114 111 110 96 124 97 100 106 87 60 78 69 47 48 23 34 66 68 60 40 39 26 48 25 34 19 126 117 149 171 180 200 187 194 179 196 197 171 191 195 188 190 179 201 156 102 101 73 79 89 98 117 157 182 71 13 32 10 25 16 22 52 16 48 90 111 137 143 130 136 144 141 130 129 153 126 147 147 150 129 145 124 130
90 91 89 79 85 75 99 105 149 151 155 147 158 135 132 98 65 53 55 61 62 75 67 90 90 76 68 77 90 101 175 199 180 163 125 111 133 122 88 78 102 122 101 99 110 111 106 100 113 107 88 96 107 68 59 55 27 27 11 22 43 51 24 40 57 50 34 50 21 56 158 125 170 171 158 183 176 186 190 171 190 171 179 172 187 173 180 168 101 104 93 89 85 132 124 132 133 173 69 24 28 9 15 7 16 28 31 28 48 123 132 116 140 128 138 153 150 145 134 130 152 142 142 126 142 138 125 148
77 63 69 90 86 67 93 107 123 157 149 150 160 154 115 80 48 58 65 62 79 82 79 64 64 81 87 83 78 78 153 214 177 170 146 123 110 85 106 111 123 99 96 109 97 108 91 102 94 116 85 68 40 32 35 18 18 26 10 50 57 17 40 62 52 45 17 49 75 144 132 195 174 154 171 161 170 182 162 182 174 187 162 178 192 167 110 82 90 104 131 136 144 149 135 144 184 55 22 24 17 25 38 9 18 27 22 45 96 126 135 123 143 129 142 158 126 128 141 143 153 136 123 122 139 135 147 133
80 72 75 73 83 70 79 118 129 134 146 163 161 135 116 95 70 66 48 61 86 81 60 80 72 85 62 77 79 96 95 222 185 188 149 148 128 81 111 115 117 89 93 92 92 81 109 98 64 76 82 54 33 28 9 13 21 25 28 29 33 30 65 47 22 49 27 111 118 130 167 171 175 164 179 158 156 167 159 157 183 185 174 175 122 63 70 83 101 79 130 120 140 157 163 165 54 9 25 23 15 8 11 31 14 35 23 44 110 104 140 148 155 153 150 142 143 148 153 147 126 134 125 137 122 123 132 142
90 68 89 89 90 66 76 116 148 165 144 146 155 138 129 90 50 46 78 81 56 81 70 60 89 82 86 79 86 102 87 171 202 196 148 161 102 120 106 116 101 112 105 86 107 86 87 80 72 58 49 37 37 7 11 48 3 0 48 7 28 26 36 32 41 69 86 99 134 180 179 182 184 162 155 177 157 171 155 157 192 161 176 143 92 92 89 70 83 90 101 128 138 152 137 38 13 34 11 20 22 11 27 15 35 38 35 63 116 115 140 137 144 137 131 132 149 141 139 125 125 154 146 126 130 132 136 146
69 78 62 81 75 77 89 115 150 146 156 139 153 125 130 97 56 48 48 65 65 78 82 78 58 77 72 72 77 85 87 78 210 184 192 172 122 116 103 106 104 101 109 96 81 91 90 87 58 43 43 43 4 8 14 48 29 34 22 10 26 25 14 47 45 74 88 124 162 191 195 186 156 177 163 156 161 158 173 172 182 165 163 149 119 86 85 63 83 111 111 117 159 94 37 28 20 38 24 25 11 36 24 33 50 19 38 78 102 118 129 161 134 143 137 157 152 140 130 136 153 126 149 149 142 134 122 126
87 66 86 64 81 82 93 129 138 139 164 167 162 155 113 75 65 67 56 76 65 80 57 72 64 78 76 78 78 93 93 93 138 225 191 166 115 91 78 103 95 95 78 92 98 82 68 35 39 40 39 30 8 27 35 27 26 14 2 13 6 13 37 50 45 89 97 132 167 175 166 163 164 148 148 159 162 150 164 175 166 189 179 172 130 87 63 67 53 69 88 113 73 17 5 6 18 13 25 39 16 14 19 46 22 40 72 94 99 123 138 148 144 147 139 146 149 156 136 156 150 143 149 129 150 133 143 138
88 79 85 61 65 87 76 116 140 163 144 166 153 136 123 77 74 65 71 66 69 61 59 85 68 82 86 90 82 93 92 96 122 233 210 167 110 112 108 105 95 89 118 112 91 53 58 29 32 11 30 38 29 7 30 22 37 8 3 2 19 5 32 85 67 100 135 162 155 175 172 163 155 154 172 143 157 183 167 168 185 181 171 172 159 109 60 36 61 73 76 96 72 43 31 29 14 16 11 16 17 15 33 35 15 52 79 122 114 130 149 156 132 139 131 151 156 152 139 154 137 154 134 128 123 145 143 149
61 61 77 86 91 61 78 96 128 134 155 159 162 147 117 108 66 53 75 65 66 72 76 65 89 85 77 86 89 87 80 106 116 218 204 111 91 102 95 88 105 106 107 80 76 23 13 34 26 3 23 17 28 18 36 19 63 47 36 22 29 23 111 85 151 112 151 152 173 158 141 154 148 160 148 155 174 164 181 199 181 193 193 177 173 101 79 38 33 34 109 107 47 20 29 33 31 10 35 37 15 24 26 31 40 66 103 106 115 145 137 139 152 138 131 128 156 135 137 149 139 126 124 145 123 145 134 129
70 63 79 90 62 65 99 119 129 141 148 167 148 158 138 83 60 70 64 63 69 58 76 83 71 67 95 79 90 87 95 93 107 228 184 111 108 101 96 91 77 76 75 77 68 26 43 16 20 20 16 18 8 18 29 19 55 17 32 22 20 110 114 145 145 112 163 171 165 148 168 164 168 151 145 144 175 192 193 204 183 185 204 189 186 118 78 37 15 58 68 116 50 28 20 16 12 19 32 32 32 10 40 24 28 76 99 129 128 135 146 139 117 139 131 155 138 131 150 149 146 134 135 152 122 125 126 135
73 80 62 91 90 60 93 105 150 161 165 163 152 138 133 94 58 54 78 70 57 66 69 60 78 70 75 98 92 75 109 110 90 159 180 111 91 85 87 88 85 62 59 35 46 14 23 9 30 14 7 18 33 24 51 41 11 34 13 24 107 115 160 170 156 149 157 157 180 165 170 144 121 154 136 167 165 194 183 191 179 187 183 191 180 133 92 41 35 24 41 126 69 20 7 7 17 31 37 17 23 27 32 29 63 107 105 135 145 137 137 129 137 134 146 128 149 136 125 131 141 148 150 138 141 124 146 147
78 65 64 89 82 91 76 118 122 156 167 147 162 156 138 81 63 57 66 80 67 86 72 63 83 70 91 74 95 90 80 88 100 107 187 116 88 108 89 80 82 60 41 20 31 15 32 21 23 18 23 27 27 12 44 22 41 63 15 115 88 141 151 176 178 139 151 189 173 151 144 129 132 151 156 176 181 192 199 199 184 196 191 209 206 164 100 64 38 36 53 109 69 15 8 27 21 19 16 17 8 40 41 19 88 121 109 143 137 135 148 126 120 130 119 129 145 139 115 139 131 143 132 146 128 123 125 144
63 78 85 88 65 73 101 108 124 148 155 155 156 141 120 85 74 74 79 68 73 64 68 62 61 81 69 90 83 77 101 106 109 97 110 96 105 111 97 75 50 43 26 22 19 3 31 35 32 17 12 27 17 24 10 46 8 46 93 110 135 129 143 175 174 155 139 170 149 149 117 128 156 147 144 147 166 168 177 179 190 205 186 188 199 180 125 57 19 12 45 99 92 46 5 19 27 35 10 18 34 26 39 41 92 107 116 139 157 149 152 151 159 150 124 130 141 141 131 116 133 115 114 141 139 145 147 145
72 60 69 88 73 68 100 106 134 153 161 170 142 141 129 101 81 72 70 75 63 90 61 63 62 81 79 102 80 82 88 93 83 96 99 103 104 104 81 80 40 38 16 37 24 12 33 24 24 26 33 36 10 14 21 37 17 77 75 129 143 134 140 167 161 160 153 154 145 151 132 144 164 151 156 146 181 165 172 185 178 181 177 193 184 174 128 73 31 12 46 68 105 32 43 37 20 30 20 30 12 27 45 82 116 108 134 138 139 148 152 126 143 149 137 131 140 123 126 131 131 138 112 121 126 138 130 119
82 86 75 63 83 89 79 101 129 145 148 140 144 138 120 80 67 72 62 54 78 90 67 86 72 75 97 71 88 85 90 123 129 99 78 82 83 87 80 63 41 46 7 55 30 22 18 14 12 22 8 14 24 24 37 26 39 104 115 158 157 141 157 165 185 172 96 76 98 109 104 144 139 167 168 158 146 178 177 185 186 175 189 198 172 141 116 51 36 12 25 62 117 54 39 28 22 21 7 12 21 28 57 104 113 123 124 126 133 144 156 147 130 131 129 153 145 136 148 147 119 144 138 124 137 135 128 122
77 69 78 88 71 68 89 102 119 145 161 162 158 159 126 111 71 72 59 70 66 75 64 66 63 91 81 75 96 91 87 132 90 51 31 102 152 65 53 44 41 13 16 33 11 23 14 24 5 8 5 26 15 27 24 12 107 96 155 162 183 148 142 168 166 90 123 125 100 86 73 60 99 146 164 161 144 157 174 175 156 161 176 138 121 82 67 58 32 18 35 43 125 32 24 46 27 20 8 34 22 50 68 108 120 140 156 142 149 132 130 128 152 129 145 150 138 130 131 151 135 151 131 141 141 128 130 132
74 81 65 91 88 79 86 102 141 155 161 147 161 139 137 103 55 58 65 85 86 80 91 79 81 71 73 95 89 111 116 128 118 69 27 76 98 48 40 27 31 32 40 33 6 16 19 21 22 14 21 23 27 41 25 104 114 176 160 197 179 139 182 134 79 105 115 92 116 99 85 61 79 96 129 135 147 155 185 171 160 137 124 81 77 62 87 67 32 22 31 44 112 53 32 14 34 20 7 25 30 26 61 105 99 138 151 148 130 126 143 130 136 146 145 147 141 149 130 149 128 132 129 136 135 140 115 102
77 61 74 83 85 79 90 95 134 151 170 171 143 134 122 95 76 58 59 79 72 76 71 75 66 68 82 102 102 107 126 113 133 117 98 57 47 31 29 53 28 55 13 13 13 36 3 3 22 19 26 27 25 29 64 96 141 155 175 174 154 156 107 59 59 35 26 28 33 41 46 74 89 89 111 140 117 162 154 155 167 108 87 54 33 19 27 35 50 21 37 58 120 75 23 38 20 13 26 19 36 31 91 121 133 132 149 131 136 123 140 130 129 129 151 124 128 151 136 137 119 136 118 136 122 132 117 122
86 72 73 77 61 76 72 111 117 156 171 166 162 134 118 87 69 57 54 53 68 83 75 62 71 69 91 165 177 130 125 123 117 49 52 3 40 60 49 51 35 52 23 28 26 38 18 31 6 64 37 22 17 14 122 115 166 156 188 168 160 96 53 46 28 23 22 23 68 35 15 43 83 85 93 103 120 165 161 186 119 31 7 10 40 24 13 29 28 22 27 53 118 61 32 20 27 23 10 47 32 48 115 123 125 149 151 150 136 135 152 137 129 121 142 123 139 126 132 120 145 142 118 117 141 135 136 114
62 71 72 81 50 76 71 107 128 162 171 146 142 153 142 85 65 47 57 67 68 64 83 72 67 93 115 171 145 121 139 102 106 50 13 41 35 29 8 31 32 34 11 29 31 13 44 3 17 15 20 39 34 70 109 152 157 168 185 191 103 73 31 25 50 27 21 58 156 175 64 76 79 78 78 117 113 142 196 137 50 33 21 70 98 56 20 11 8 17 15 46 110 53 44 46 31 10 10 27 43 68 103 122 147 153 129 140 150 124 138 145 120 122 124 132 125 130 120 141 119 116 129 133 130 111 134 118
66 83 59 63 55 73 74 100 123 167 167 165 156 158 137 95 74 53 83 60 85 68 66 94 87 69 48 95 153 194 125 41 33 20 27 18 31 34 32 20 50 45 6 26 28 26 45 22 10 21 16 27 39 102 145 145 168 173 196 118 73 76 73 47 67 66 49 78 190 184 138 85 78 100 91 94 123 172 184 113 98 56 49 62 108 64 31 16 12 35 24 45 125 74 41 23 20 27 29 16 45 110 126 109 138 123 143 137 139 130 130 124 125 144 142 136 146 145 139 125 137 142 111 133 132 110 122 154
62 83 77 78 63 72 74 111 121 162 171 170 155 162 137 88 83 60 89 90 88 82 77 64 58 73 124 164 183 183 52 27 16 49 38 27 34 36 50 31 30 78 13 15 15 9 14 20 15 5 12 18 111 115 144 152 183 171 116 96 100 118 102 93 79 110 109 146 159 147 123 94 96 92 104 116 141 190 197 108 72 107 99 137 80 57 26 41 38 15 28 39 117 62 59 29 18 14 31 25 49 108 128 119 140 125 126 143 120 133 135 138 132 128 128 123 150 146 139 131 119 114 111 134 147 163 173 172
88 79 58 78 63 70 74 89 131 151 152 166 160 144 121 107 72 82 70 78 96 97 87 44 100 114 120 109 99 41 22 63 46 41 31 30 50 14 25 43 47 48 41 16 2 3 12 8 15 26 6 61 108 153 166 171 179 104 80 107 109 106 99 114 122 92 73 94 108 123 128 139 94 88 109 118 124 185 203 157 117 97 77 75 48 36 52 34 31 28 51 18 104 85 61 35 19 16 50 44 65 109 122 129 131 132 132 121 123 124 148 146 138 125 136 134 137 117 138 124 111 113 129 148 188 186 182 190
85 62 51 72 48 52 57 110 121 143 165 163 156 152 121 116 78 73 63 75 83 69 98 108 137 113 55 41 39 34 22 18 60 52 46 20 35 16 55 28 37 78 32 21 30 22 8 9 29 3 22 101 131 145 171 182 114 87 103 91 105 119 138 125 105 131 108 113 122 145 138 141 113 98 94 99 135 168 213 155 138 106 116 73 79 68 54 46 21 44 35 38 110 114 36 14 31 13 27 35 102 101 126 125 131 132 134 139 151 126 144 125 138 140 144 143 133 134 144 128 131 135 190 190 182 182 172 175
79 67 70 50 57 60 81 102 145 142 155 161 162 154 139 97 90 85 62 95 82 83 76 96 71 71 56 44 31 32 48 54 43 28 29 6 12 16 11 81 53 49 56 27 11 6 15 5 3 29 68 82 146 163 194 136 63 72 95 103 101 140 146 152 144 134 151 150 160 129 122 114 122 113 95 120 116 151 215 175 136 122 115 101 96 85 65 36 46 45 51 36 88 117 61 21 31 38 31 67 114 112 147 129 145 141 142 136 128 139 138 133 148 147 123 133 141 132 124 136 170 182 211 190 175 177 192 178
66 58 66 65 63 55 50 109 116 160 173 163 160 157 140 104 73 57 76 87 94 110 93 102 107 90 55 27 24 38 52 66 36 63 9 9 6 33 36 37 55 91 34 50 20 11 4 3 13 39 97 118 161 160 141 52 86 95 78 92 104 117 125 143 150 139 156 162 153 153 137 116 136 122 115 93 121 147 217 186 155 124 124 107 83 102 94 51 18 29 50 31 94 126 60 37 25 20 53 66 116 114 129 138 132 123 138 135 122 137 138 137 135 141 145 142 140 126 118 154 202 190 188 184 183 186 192 181
53 63 70 65 41 47 76 83 115 144 159 158 167 160 122 104 75 60 67 93 93 88 75 69 54 52 52 36 47 39 48 62 45 27 12 7 23 6 38 49 54 6 60 90 45 30 18 4 4 98 90 151 161 164 30 60 82 77 101 115 122 116 125 137 136 138 143 156 153 156 135 139 136 109 117 113 106 153 225 198 146 137 106 103 108 100 77 52 33 24 59 23 76 113 73 22 44 23 38 95 120 131 147 136 139 136 142 138 126 141 138 131 117 136 144 135 141 126 146 186 192 198 201 198 209 184 198 194
54 56 49 63 37 58 66 92 134 135 146 167 149 146 145 118 65 67 75 64 71 78 70 53 46 50 55 43 41 35 55 32 33 24 27 17 24 15 22 23 30 3 58 82 62 28 6 8 35 94 132 155 178 37 46 68 81 97 76 93 114 132 115 151 137 165 159 150 161 138 148 138 110 103 104 86 122 139 201 190 131 126 118 100 80 108 75 39 26 41 56 39 99 117 79 38 47 35 54 96 119 135 134 150 138 139 129 150 123 118 143 133 122 145 120 121 122 130 177 210 208 202 202 194 214 198 208 215
53 53 47 35 39 53 57 92 131 146 157 140 150 154 143 88 59 61 70 66 81 87 72 86 53 65 53 44 22 28 30 38 36 6 9 29 7 25 11 14 20 28 77 62 99 45 4 26 104 96 160 183 101 21 35 50 89 78 82 106 101 109 129 126 155 146 144 152 143 132 139 110 118 106 95 111 112 140 175 205 128 135 115 93 104 113 77 44 18 34 49 27 71 109 78 43 30 40 51 122 111 128 144 151 123 121 148 124 141 141 140 144 119 128 145 139 122 168 182 206 198 184 189 211 227 235 238 216
35 52 45 39 33 32 62 100 131 154 142 168 141 147 144 117 83 67 81 64 116 94 78 39 75 57 45 12 35 39 43 55 48 19 18 18 9 2 35 65 32 45 86 123 36 76 7 37 120 125 184 158 38 37 56 61 85 75 100 110 109 105 109 117 147 148 136 155 155 124 132 108 115 104 90 98 110 124 170 222 144 122 105 112 103 86 60 38 26 31 51 47 72 118 111 29 54 33 79 122 113 147 156 153 151 122 133 122 128 145 135 138 120 133 129 125 141 175 186 195 206 215 213 222 232 226 229 216
54 47 59 45 60 38 70 89 123 143 163 163 168 158 128 89 78 68 63 109 93 75 55 40 52 58 47 25 46 31 58 85 48 7 25 17 19 39 27 69 54 96 66 111 18 48 24 78 105 158 181 22 33 36 59 39 66 72 83 99 93 125 128 122 129 147 140 144 119 134 128 102 114 109 104 105 114 117 146 226 170 121 120 89 109 90 33 30 17 48 36 18 63 134 96 32 44 54 100 112 129 149 130 154 126 149 122 122 126 128 124 122 133 133 120 147 171 200 201 188 197 203 218 228 225 223 226 215
67 63 58 56 60 43 63 102 140 151 163 154 167 138 135 98 82 72 79 99 78 98 57 47 49 39 29 31 61 22 57 79 39 30 23 16 17 36 32 61 77 99 72 39 34 23 87 81 108 144 92 15 45 32 63 70 62 96 99 89 101 103 122 138 132 132 131 141 135 117 102 93 82 89 89 95 99 132 158 222 167 117 118 79 109 67 40 19 14 36 53 33 66 111 115 54 44 65 121 135 144 132 138 122 122 142 120 134 146 129 120 140 136 145 125 139 194 219 214 208 222 207 228 217 213 225 236 233
38 40 39 35 54 61 70 81 141 149 170 168 166 140 147 94 70 73 76 81 62 87 54 38 62 36 41 39 40 6 36 59 26 55 22 31 40 8 44 63 34 54 51 10 24 47 123 154 145 131 61 9 38 20 54 64 77 82 94 95 106 109 122 105 125 111 133 126 141 119 107 95 78 107 102 111 94 109 138 176 142 103 96 98 79 40 29 10 26 41 53 46 49 112 124 82 31 94 128 137 138 149 145 141 131 136 139 138 135 121 130 140 117 135 146 162 201 206 196 220 229 239 240 228 234 219 235 232
50 60 68 36 50 65 73 97 131 155 148 147 148 144 143 107 68 70 54 61 66 79 64 49 68 34 3 72 20 16 44 64 76 45 24 48 37 0 16 46 54 58 28 15 11 73 155 155 157 38 16 17 39 26 66 64 61 95 90 93 94 90 115 116 120 112 123 119 124 138 113 87 78 98 49 68 89 78 122 142 118 120 99 82 90 27 33 25 25 32 45 48 22 108 115 88 49 101 119 117 146 144 146 132 130 121 124 144 150 147 129 146 126 132 134 187 189 216 221 207 240 210 224 218 240 246 246 216
59 53 48 68 63 57 65 120 121 150 151 160 155 161 134 97 75 48 54 87 72 72 46 64 30 21 52 38 26 20 61 33 99 70 22 34 61 95 22 29 55 36 55 74 73 97 115 153 53 15 33 35 35 34 63 57 86 80 85 104 102 114 105 101 117 117 137 130 139 131 113 120 91 104 96 115 105 146 158 147 136 100 96 101 54 10 17 19 20 39 36 53 46 103 107 101 67 131 135 138 148 146 141 126 145 140 147 145 133 131 123 123 118 118 147 189 208 194 210 233 225 223 224 219 244 219 221 215
59 59 55 53 59 67 76 123 137 136 140 171 142 159 151 95 78 67 54 64 81 108 16 56 50 33 57 19 27 49 54 48 52 79 56 41 46 105 18 41 44 73 96 122 128 97 128 124 10 21 11 29 23 25 58 68 75 87 95 98 88 90 118 106 106 114 139 132 145 120 112 119 126 117 116 141 125 157 165 128 133 99 81 86 32 29 28 26 39 35 41 54 29 79 126 96 68 137 135 141 138 150 125 121 137 131 147 126 135 123 118 141 138 132 160 198 208 221 222 237 223 213 234 246 239 232 223 238
61 62 36 46 46 65 81 103 135 139 144 168 144 170 142 107 91 59 68 81 92 77 30 43 44 52 11 5 25 16 51 58 35 66 70 39 48 69 54 37 82 119 156 150 67 62 136 22 29 27 17 26 31 23 53 57 72 89 89 80 89 102 90 100 118 106 132 135 121 132 123 124 137 132 144 171 159 185 172 154 129 97 88 63 28 28 32 48 56 31 50 32 25 45 107 83 97 120 143 137 151 130 142 126 131 138 133 136 140 138 150 123 130 131 183 209 204 228 220 230 230 213 239 224 235 239 230 250
44 55 44 51 48 47 80 111 130 158 158 160 154 162 142 99 59 69 71 79 91 75 36 46 48 5 30 12 19 46 46 44 23 56 49 75 97 37 35 75 98 112 161 108 80 144 5 27 47 21 28 30 26 41 67 63 74 75 88 72 100 105 98 115 110 96 102 125 115 123 123 131 118 120 148 191 157 163 156 138 100 94 100 22 28 19 16 22 32 31 54 52 55 51 114 96 100 143 138 145 148 137 122 147 143 133 129 131 122 141 135 139 144 136 183 210 207 211 236 230 244 241 229 224 221 251 221 226
60 33 51 43 45 65 89 96 133 154 159 150 147 170 137 101 69 69 74 86 86 54 38 43 17 33 20 19 14 22 17 19 40 40 80 86 30 54 111 143 136 173 116 82 112 59 33 57 44 12 45 45 23 47 50 74 62 80 71 95 102 107 100 91 115 118 114 115 110 106 96 121 104 133 132 139 141 145 124 132 70 104 64 10 33 29 29 41 53 33 54 46 37 49 122 101 130 119 145 139 152 146 136 133 138 148 138 122 139 132 147 134 118 123 165 209 237 225 228 241 236 244 222 242 228 250 225 230
50 48 52 54 61 58 81 129 148 142 162 171 163 159 126 104 77 59 79 74 77 81 33 43 21 14 10 25 41 40 61 39 27 64 35 68 85 101 121 157 189 129 81 76 105 14 17 33 34 15 39 48 47 31 56 69 66 63 95 69 101 100 95 109 93 110 87 50 59 68 82 80 80 60 68 89 75 67 65 75 90 93 14 10 16 11 37 47 31 59 59 38 34 46 115 111 119 118 121 149 135 145 119 133 145 119 142 117 133 118 120 116 124 136 173 218 222 249 232 241 239 228 223 227 236 255 236 239
25 34 59 62 58 68 100 123 144 161 158 158 176 142 129 108 63 101 54 75 101 64 29 33 12 20 9 26 26 64 49 52 57 50 72 45 57 111 100 193 185 85 71 147 19 35 21 20 22 18 48 45 55 16 46 58 66 73 65 100 82 88 81 87 95 96 97 95 81 86 68 100 77 103 104 109 130 121 88 75 85 54 7 24 30 4 38 21 63 48 58 58 33 58 96 129 129 150 123 149 148 130 151 147 135 124 125 126 138 144 119 117 129 145 182 227 237 237 227 238 233 240 246 240 250 221 238 248
39 53 41 44 49 56 94 109 124 157 171 168 164 160 130 111 101 51 72 100 72 55 35 45 10 7 34 52 37 103 18 39 68 45 19 57 85 124 115 146 85 93 155 28 5 36 7 29 41 5 17 45 33 33 54 61 43 73 82 97 83 98 98 104 81 112 104 88 98 70 77 78 93 121 126 145 125 106 86 83 91 25 9 33 32 26 43 37 37 40 46 44 48 32 110 135 148 123 135 138 132 141 150 140 121 121 129 134 121 120 123 115 142 136 197 230 243 240 234 240 244 230 235 229 229 219 219 239
32 48 36 35 61 55 73 121 147 145 152 171 151 159 150 111 79 60 71 73 67 41 55 43 25 28 40 43 66 70 60 37 37 64 80 67 119 112 91 151 114 172 53 12 14 21 31 15 24 28 20 46 53 33 50 38 45 72 60 82 94 90 99 91 86 110 102 109 109 97 98 93 73 102 108 98 98 110 92 86 49 11 1 15 11 38 38 47 59 43 63 56 43 53 118 129 139 144 137 132 129 121 126 131 142 146 133 142 119 146 140 138 138 155 217 229 224 234 226 224 245 248 249 231 227 231 231 208
49 45 47 33 37 61 72 117 132 145 166 176 151 142 120 93 88 54 108 83 59 45 57 17 23 46 23 28 87 50 68 55 56 51 93 82 66 105 120 152 151 94 23 15 13 17 31 33 8 17 37 45 31 49 32 48 44 59 55 91 79 93 91 78 79 101 91 116 104 103 80 100 98 75 83 82 123 100 97 64 47 13 7 16 26 24 47 50 50 62 50 59 41 31 104 132 124 139 137 148 130 132 138 123 126 130 120 145 121 128 128 139 110 143 208 238 243 237 231 236 250 244 233 230 227 231 214 224
23 44 40 37 61 77 76 119 133 134 146 171 151 143 151 100 65 74 91 64 45 38 49 35 18 22 18 9 117 65 60 79 62 51 57 77 64 95 126 189 103 8 29 2 32 26 20 24 28 13 31 36 30 41 43 24 25 38 50 52 79 75 85 81 108 81 100 110 119 102 94 116 120 145 122 118 119 83 79 17 25 2 28 23 35 21 48 32 60 39 44 35 52 52 108 146 143 145 146 134 137 139 148 147 137 134 117 121 117 126 129 135 114 145 209 241 249 236 251 230 248 243 244 241 216 214 224 217
25 34 47 41 49 90 81 120 139 150 160 148 146 153 123 100 72 75 83 65 40 49 28 10 15 41 23 39 72 59 75 89 76 40 46 73 103 60 92 137 26 27 30 7 34 28 22 23 4 14 28 35 33 40 30 25 47 36 44 57 55 71 78 93 87 93 104 122 107 112 121 125 124 135 149 122 99 92 66 27 20 34 24 28 43 34 44 33 58 69 51 43 59 66 97 144 114 145 141 138 122 122 121 129 147 143 124 121 137 131 120 139 133 167 242 248 244 248 231 237 237 245 241 218 205 223 204 208
22 24 40 41 74 72 81 98 134 151 163 147 174 157 126 115 68 54 71 54 51 15 32 25 21 40 14 39 67 40 36 45 69 56 64 74 101 82 67 52 43 7 26 8 21 25 14 38 13 8 7 16 37 44 13 29 36 26 20 35 28 47 51 88 92 80 117 121 126 126 120 141 135 129 146 117 110 82 41 50 23 4 16 41 27 30 45 44 76 53 65 45 51 51 108 125 118 132 137 146 117 140 138 132 128 120 129 120 119 137 129 123 138 179 229 255 219 232 229 225 226 218 211 227 207 188 184 168
38 41 46 33 60 78 101 103 133 147 162 142 160 153 147 103 59 46 64 38 27 36 51 24 25 28 12 16 83 56 23 51 68 62 78 64 102 73 53 36 25 11 13 20 33 21 6 18 22 5 7 17 14 16 41 30 46 20 53 39 32 18 55 46 76 88 81 91 105 95 135 129 147 130 128 110 106 82 48 29 18 15 19 23 25 30 46 32 48 57 43 51 69 45 105 142 135 105 125 123 119 134 132 131 144 124 126 113 135 112 112 121 109 196 234 248 246 243 243 229 224 209 211 202 190 171 107 86
30 43 38 49 39 58 76 107 144 133 155 171 172 159 120 114 72 138 99 76 29 32 25 20 25 9 8 4 80 95 34 46 68 74 67 72 104 77 97 103 32 28 16 23 23 40 22 40 31 8 7 18 21 33 24 40 49 50 38 43 44 49 66 65 64 66 86 79 115 112 126 124 137 120 131 126 107 107 32 20 22 20 40 40 40 19 36 41 71 44 66 65 67 52 106 111 116 96 106 104 99 98 104 134 118 132 139 119 139 107 133 134 134 201 222 241 238 238 203 202 194 181 181 144 112 57 46 44
33 41 20 43 54 58 68 94 114 133 171 166 142 142 150 114 148 125 58 78 17 41 46 38 24 30 7 28 72 67 83 33 43 54 85 75 74 97 59 76 131 27 34 8 52 50 20 34 13 9 31 32 18 9 32 21 45 37 34 44 60 77 81 75 102 95 99 98 102 112 135 106 109 117 118 146 140 180 173 132 38 14 38 36 40 34 41 51 49 65 66 44 55 46 108 122 107 88 96 90 86 93 107 105 101 106 104 113 116 128 111 128 144 213 239 202 225 203 204 210 178 181 156 99 47 33 49 46
53 33 44 24 57 65 61 80 123 136 167 155 166 154 131 157 93 81 73 35 11 38 53 44 39 48 29 39 49 86 67 65 38 87 104 59 39 80 62 58 92 100 28 36 23 30 31 21 26 34 30 36 14 6 32 48 20 22 24 51 51 87 86 99 81 103 99 86 110 103 107 98 119 121 141 132 152 186 188 188 172 144 73 40 38 16 49 69 75 43 40 46 55 47 119 120 117 112 107 89 81 83 87 81 92 91 105 86 104 105 116 124 138 194 206 222 211 221 197 199 171 148 98 66 54 65 59 76
90 48 41 51 64 50 69 78 112 151 156 151 153 150 166 114 85 82 88 11 18 31 39 28 14 28 60 37 26 50 87 41 43 81 43 35 46 69 73 66 100 40 89 43 46 44 22 34 15 36 8 34 32 18 28 15 28 46 39 30 46 73 82 82 93 88 99 100 95 115 95 107 106 107 131 137 166 186 178 195 174 171 189 164 82 27 49 61 78 61 40 45 49 56 123 121 129 130 102 126 98 104 92 74 88 76 64 74 83 90 82 104 141 195 207 216 200 213 209 190 136 100 59 71 59 58 51 61
102 103 60 64 57 61 38 83 98 138 139 146 159 150 151 115 110 120 36 17 16 13 52 56 25 33 50 57 9 27 50 82 76 64 36 51 51 59 85 82 107 63 47 63 48 34 26 51 11 10 6 17 17 18 6 20 37 49 27 44 44 65 63 96 100 97 96 112 112 117 117 119 111 132 157 139 166 180 175 162 172 183 185 172 190 135 26 57 59 45 45 58 41 44 117 104 136 135 124 120 118 101 100 89 90 89 93 94 72 102 102 92 125 220 209 213 205 203 173 138 74 57 69 65 51 62 73 79
120 106 97 81 61 50 60 79 120 154 146 159 142 159 124 136 148 89 27 18 32 18 26 72 70 65 25 25 16 53 19 60 55 27 37 54 79 82 103 105 36 110 32 97 46 24 22 50 19 22 28 36 38 23 8 22 47 38 51 47 50 81 91 101 82 96 114 105 116 121 103 105 136 131 131 138 148 173 160 181 184 177 176 179 182 186 171 57 73 56 50 55 62 39 143 115 114 114 113 115 133 121 126 98 115 115 105 98 81 130 120 105 146 206 204 226 223 180 167 94 71 64 83 61 70 65 89 52
108 106 126 105 87 67 51 71 113 157 170 162 166 158 130 160 143 95 28 47 17 27 52 16 48 44 27 15 24 13 4 67 20 15 43 47 34 79 74 87 82 61 126 41 74 12 6 25 39 11 8 30 35 31 23 23 49 54 57 46 69 62 97 71 88 110 97 108 101 116 109 106 143 135 143 139 162 159 163 170 168 179 175 178 187 191 189 157 79 65 63 53 54 72 121 136 133 140 120 111 134 109 134 104 129 105 107 114 97 129 114 125 194 230 215 219 206 176 135 68 82 93 81 83 86 91 85 59
58 108 111 124 104 70 46 89 132 150 149 143 154 145 145 143 93 74 14 25 16 15 21 25 32 2 32 30 21 28 32 27 28 31 34 25 63 57 97 77 100 62 74 82 129 25 29 27 44 19 30 23 20 22 35 41 31 62 57 31 65 82 60 86 96 97 96 98 93 106 103 109 135 125 149 130 161 149 146 175 175 171 163 174 190 184 197 224 135 45 58 59 54 69 122 110 117 112 133 114 137 120 126 135 117 126 118 95 103 132 131 137 210 213 205 217 196 148 105 66 68 89 70 90 89 79 70 75
54 69 116 146 118 107 51 65 108 155 150 158 159 144 149 144 100 72 7 15 7 33 26 11 37 22 57 14 27 23 53 27 24 27 26 51 34 70 60 69 91 110 38 92 130 16 31 38 25 41 15 13 36 22 33 46 54 72 47 20 48 68 82 94 82 101 91 97 123 122 101 112 114 128 147 129 141 166 173 157 153 181 167 189 203 192 194 203 222 71 66 56 64 92 113 121 120 121 123 117 122 128 122 106 130 109 129 129 107 142 143 161 213 240 232 223 199 119 83 69 61 71 77 93 81 85 80 89
21 75 111 154 134 103 41 89 132 147 167 147 145 141 131 116 106 58 23 5 19 37 25 18 33 36 45 24 26 29 22 23 47 28 38 50 66 54 63 107 105 74 46 71 142 30 29 27 46 34 18 21 27 12 35 43 65 52 71 46 61 64 92 91 98 83 96 106 104 103 116 116 119 128 134 149 157 145 151 166 172 167 170 167 191 199 192 210 201 161 57 64 45 108 109 118 123 141 130 114 134 136 116 115 122 131 103 103 118 148 180 190 240 216 210 203 163 96 73 87 85 66 76 94 55 75 63 75
22 56 108 132 134 109 56 89 118 153 168 166 165 150 152 122 86 45 13 21 20 17 7 8 13 49 36 9 48 8 33 16 37 45 22 57 50 56 60 96 95 96 51 57 138 13 33 39 46 35 38 10 44 9 38 52 48 47 73 38 67 77 77 102 99 89 99 118 112 124 122 130 121 122 119 122 151 156 140 151 155 181 185 199 196 209 214 193 210 210 71 56 57 95 126 144 120 134 120 137 115 135 130 114 119 123 107 126 144 215 204 198 221 233 223 200 139 106 86 82 88 100 88 79 67 90 77 59
18 51 118 144 129 108 62 61 124 133 145 171 172 148 147 114 104 33 13 21 8 29 31 14 2 46 46 19 39 18 30 15 31 8 41 33 57 41 54 102 97 95 75 80 98 62 35 56 36 46 41 22 49 13 48 48 52 87 70 45 65 69 95 112 111 118 94 99 116 99 112 123 105 119 124 132 139 148 148 149 159 156 175 191 185 215 204 195 216 218 161 36 34 118 111 133 141 117 133 115 124 108 118 130 113 100 117 110 204 233 237 232 221 229 205 182 105 86 89 80 96 103 94 57 72 93 71 65
38 50 97 150 135 125 62 65 110 147 168 155 143 149 140 99 90 34 31 16 19 21 29 5 45 53 23 20 30 17 22 23 37 8 37 41 70 33 67 98 125 92 83 116 82 54 26 51 38 45 41 27 18 28 40 59 92 79 76 46 75 96 95 102 117 101 102 114 116 105 99 115 113 137 119 132 136 155 140 144 160 157 161 187 197 186 217 202 196 213 215 39 37 117 131 142 141 114 126 120 110 113 135 110 132 114 126 136 204 232 206 209 219 222 194 152 114 93 95 91 75 73 89 62 83 69 81 73
28 43 98 143 145 119 63 85 124 150 154 142 161 146 153 105 85 57 22 12 29 15 30 37 36 34 17 21 9 13 29 18 27 24 47 29 46 68 97 82 60 74 122 107 75 62 50 24 46 38 45 35 43 43 51 81 67 75 81 31 63 75 88 101 107 93 101 100 114 102 119 113 121 110 117 132 120 147 157 153 141 165 181 183 188 202 203 202 219 202 197 95 67 132 143 120 139 136 129 134 131 131 113 121 110 122 123 147 226 219 210 210 233 200 183 111 109 98 76 78 76 69 70 83 85 58 80 60
31 30 98 133 134 124 59 78 102 156 149 146 162 163 152 107 75 30 16 4 16 32 24 14 4 32 34 15 23 8 21 19 29 16 47 32 7 58 66 80 64 32 18 34 43 54 73 63 66 40 36 25 25 29 58 75 65 96 78 46 60 94 89 99 93 101 111 104 116 96 115 110 103 111 123 143 121 151 140 162 165 172 171 168 177 186 182 208 211 190 217 156 58 130 141 123 142 133 128 108 130 132 133 136 121 107 132 167 219 227 190 218 224 207 134 106 103 98 86 85 92 61 55 61 64 53 78 59
36 38 70 136 144 132 59 66 126 156 150 148 142 160 136 111 71 30 21 3 6 20 15 27 9 25 20 32 30 11 12 11 15 8 30 37 26 64 71 72 76 70 31 54 36 36 41 29 47 54 29 37 37 44 65 73 69 71 56 56 83 75 85 115 109 109 104 99 103 92 103 98 110 108 122 126 140 133 128 148 142 147 162 178 198 176 196 213 200 220 213 187 79 119 141 140 113 116 135 111 116 117 133 104 134 105 124 137 181 197 207 235 232 187 128 96 105 77 72 81 86 66 71 92 63 77 51 50
43 41 67 135 153 131 63 81 102 153 150 157 146 163 141 121 95 55 24 30 11 17 25 9 6 6 7 11 7 5 23 14 22 23 15 63 24 79 66 82 51 61 85 45 29 36 33 22 27 27 20 29 44 69 51 75 71 66 47 51 72 89 99 98 97 106 109 101 98 104 97 119 106 110 124 121 114 129 136 142 137 153 157 177 175 181 190 204 190 216 188 215 119 115 106 128 120 138 143 133 140 140 117 106 121 139 142 135 126 163 189 218 208 180 117 103 81 90 74 64 66 74 75 85 75 61 77 58
35 48 75 118 150 134 69 75 124 151 167 146 145 171 150 105 99 57 14 23 36 29 8 15 8 25 16 17 23 16 27 39 27 38 37 51 16 15 39 81 54 27 80 114 48 50 35 18 16 21 21 45 56 67 58 89 65 54 34 73 80 85 99 99 119 114 114 111 113 91 108 92 115 110 105 138 129 136 139 135 134 141 164 176 176 174 191 195 214 200 190 215 142 114 106 110 95 97 109 129 120 120 108 126 120 131 121 120 142 153 206 236 187 148 117 81 72 68 91 76 60 81 60 80 60 49 51 67
24 50 70 118 148 130 88 83 105 143 170 164 153 143 157 99 75 40 32 11 31 18 13 9 13 32 5 20 12 14 19 3 44 31 33 39 68 34 5 32 37 34 61 65 29 38 24 20 30 20 40 53 58 64 58 77 79 45 48 94 109 101 109 115 97 119 123 110 118 115 106 113 96 117 122 136 119 131 142 123 138 140 148 156 189 173 194 197 205 211 194 209 181 104 77 83 67 85 90 108 104 91 101 112 131 130 152 132 120 173 210 237 199 114 91 78 82 64 75 57 85 89 62 72 59 59 74 36
20 24 61 135 135 149 103 83 91 148 152 171 155 173 143 119 87 50 28 34 12 29 13 15 9 15 11 37 34 22 5 11 7 25 44 46 72 63 38 39 38 70 26 37 32 32 15 12 25 31 45 35 48 64 61 68 62 25 78 80 81 104 90 96 94 117 117 101 98 121 96 93 125 112 116 123 139 120 124 122 141 162 153 154 165 189 193 196 188 201 195 209 211 88 95 58 73 58 51 70 54 83 65 78 118 139 144 141 139 181 236 223 167 100 90 74 59 60 70 67 81 68 59 58 78 70 58 58
29 25 46 139 158 153 94 76 116 121 140 157 159 156 159 104 95 50 11 17 29 13 16 9 4 19 15 22 39 12 5 30 22 16 5 51 59 80 76 74 63 47 29 24 27 9 33 14 30 38 26 44 76 72 56 55 37 65 93 83 87 95 112 109 121 107 120 100 125 102 100 100 115 96 119 128 121 123 136 138 148 129 146 154 165 187 178 183 202 214 210 197 186 119 96 73 75 82 72 67 50 31 40 40 66 101 167 191 164 174 214 200 119 95 58 61 61 52 51 65 64 60 52 53 60 69 62 27
61 43 63 126 145 145 103 64 106 146 154 155 152 162 148 102 98 31 28 35 13 18 35 8 31 30 29 18 34 32 13 5 5 16 32 14 57 81 88 60 51 77 13 15 7 21 21 11 30 22 54 55 60 64 55 61 23 77 94 102 108 107 87 91 113 102 109 109 126 99 102 102 99 124 113 116 133 126 144 120 137 157 149 154 158 165 171 204 197 207 207 204 205 157 80 83 70 80 82 47 56 60 35 22 49 104 198 168 148 194 216 171 77 55 60 72 67 51 78 66 62 55 60 51 71 67 35 39
61 66 83 132 156 146 128 91 98 141 163 160 143 148 146 105 74 46 24 20 17 5 7 28 19 11 37 20 12 26 3 21 15 36 45 39 16 61 86 96 61 57 21 24 4 10 12 22 27 54 61 73 70 81 58 32 69 100 86 111 104 112 94 115 113 96 111 111 112 102 109 97 97 102 103 112 117 121 129 147 140 141 133 147 144 182 176 193 189 209 195 209 194 200 71 85 72 69 85 75 69 44 53 52 61 113 184 162 173 168 166 100 76 63 56 47 52 59 80 44 67 60 54 76 70 65 62 41
60 72 98 117 155 167 123 89 104 132 143 164 174 149 148 95 93 54 35 26 18 8 2 17 22 19 11 11 7 23 18 15 31 25 17 33 49 46 30 56 87 27 24 14 15 18 18 30 25 47 50 55 80 32 27 63 93 76 89 87 114 101 95 117 114 95 118 99 99 120 108 115 95 112 119 126 130 136 140 114 148 128 147 152 167 157 175 196 192 203 192 204 185 191 116 99 70 73 83 77 69 60 61 74 64 115 177 192 181 134 92 60 58 43 40 55 59 73 74 65 51 45 78 81 73 52 43 54
77 79 102 134 155 156 131 79 111 145 159 158 159 173 153 83 92 47 22 5 9 18 32 12 27 10 28 43 17 45 33 4 37 34 43 43 29 29 55 60 46 47 17 6 25 16 30 20 35 49 60 27 15 56 53 77 97 91 76 100 103 106 99 113 101 99 102 111 124 104 107 107 126 126 105 123 124 123 128 135 125 147 156 144 164 165 183 191 180 185 197 215 203 195 135 97 88 97 87 90 72 58 85 83 81 113 172 186 126 79 61 45 53 55 69 58 62 72 64 45 49 55 86 68 59 58 50 55
50 78 69 105 159 167 117 80 99 125 145 146 148 166 143 95 76 13 20 7 28 19 30 31 19 30 37 40 22 35 59 41 15 52 13 43 40 44 47 90 40 26 6 22 29 5 30 17 18 41 28 36 72 65 87 93 100 83 91 81 93 105 93 93 112 110 124 124 103 107 111 108 118 99 121 132 113 105 123 113 124 143 134 135 160 172 179 173 167 195 182 197 190 198 194 70 81 91 81 79 73 65 94 78 81 87 104 120 91 72 76 68 69 52 78 78 53 66 34 49 66 76 83 78 58 44 41 48
54 56 72 106 140 155 145 115 98 131 161 172 167 164 143 104 61 31 34 22 27 27 27 16 47 30 19 50 17 26 43 54 31 55 40 29 46 48 65 64 61 40 32 16 2 7 15 50 36 65 55 57 65 77 70 71 94 89 104 80 99 95 110 118 119 112 96 120 122 106 102 105 122 131 112 119 117 117 106 120 139 149 122 149 132 153 172 177 167 191 184 197 198 183 205 94 73 77 65 94 68 71 80 102 86 87 76 86 69 75 85 63 57 69 50 64 38 55 54 51 73 83 62 66 36 49 33 47
54 58 61 91 144 190 159 105 114 150 167 146 151 151 150 66 62 30 21 26 9 34 6 32 30 15 10 55 16 40 51 55 31 23 64 30 26 55 25 48 32 32 27 31 22 24 48 54 46 60 68 66 97 89 95 80 78 83 81 95 92 112 107 114 107 114 110 105 104 112 115 131 119 108 133 114 128 108 121 140 116 128 150 130 160 161 171 167 170 192 199 195 208 187 208 114 71 95 86 88 94 85 97 98 87 80 71 90 91 87 65 76 60 76 64 63 41 40 64 59 98 74 59 54 50 36 40 38
47 50 58 92 173 198 170 121 122 149 144 159 147 173 144 90 56 50 36 26 11 40 15 45 16 17 25 68 37 48 67 58 40 10 47 19 29 52 26 48 44 28 7 10 33 37 64 68 64 62 70 82 74 85 99 77 96 80 93 93 90 94 87 97 119 103 118 108 102 110 102 128 130 119 120 114 130 112 136 128 138 144 150 141 159 158 167 162 179 170 185 181 193 187 182 161 67 81 75 94 88 89 105 101 95 79 97 95 86 77 77 79 53 64 47 60 45 71 80 94 81 64 68 57 47 31 55 38
35 35 68 88 175 203 175 125 114 121 145 154 165 146 130 91 47 43 19 23 20 37 27 46 39 54 53 47 28 41 41 32 60 24 63 46 23 49 23 20 33 50 70 18 40 34 55 60 63 89 92 94 83 77 91 100 91 101 100 87 100 109 116 103 98 119 116 106 107 99 103 114 123 113 121 120 120 128 125 138 141 142 130 143 134 164 144 171 164 177 174 191 205 183 192 180 68 76 78 93 95 93 103 113 107 92 100 114 116 89 72 62 48 57 66 49 70 57 91 80 97 67 48 51 50 35 41 71
33 47 43 76 165 183 181 117 96 144 140 155 161 148 129 75 36 44 20 15 31 50 46 40 40 53 60 39 28 48 52 35 44 77 43 35 25 31 39 38 45 26 51 54 59 51 44 65 72 91 74 74 102 96 92 93 101 90 109 111 101 115 94 96 96 114 93 102 121 103 106 128 103 121 120 119 140 135 125 136 136 130 139 157 135 162 149 152 181 189 165 200 208 197 194 198 118 96 86 93 91 101 114 126 110 98 121 101 87 82 74 43 41 67 59 47 61 66 75 100 71 49 45 47 50 52 54 63
33 49 68 67 129 158 146 93 98 134 170 164 158 167 146 80 53 51 26 45 27 57 46 21 34 59 53 18 26 32 41 31 55 25 71 77 19 20 34 21 39 16 37 39 54 66 71 73 71 76 86 70 85 85 83 102 93 93 87 105 93 104 118 106 109 114 96 92 105 119 102 105 129 122 135 112 134 124 136 129 130 138 129 136 147 148 143 147 177 170 175 197 202 186 181 187 122 89 89 107 81 99 128 117 116 128 109 117 69 64 63 65 55 57 78 62 91 82 86 70 39 48 26 38 44 81 81 93
62 32 41 100 124 117 102 79 110 145 148 154 173 172 146 86 61 39 30 58 25 28 60 62 46 67 51 43 29 41 49 22 87 44 36 78 28 14 30 35 19 20 56 62 50 55 79 74 68 72 94 102 102 85 92 77 98 111 106 107 102 94 117 116 107 120 103 108 108 103 96 114 118 122 121 126 125 136 135 126 143 129 132 146 146 156 160 158 156 161 190 192 182 186 199 193 153 77 74 92 119 100 110 101 104 138 106 99 79 68 52 40 57 71 75 81 72 78 76 39 57 20 26 35 55 88 90 120
